stat_no	year	month	day	hour	dd	ff	n	pppp	ttt	txtxtx	tntntn	rh	rrr6	sss
4247	1966	1	3	12	0	0	9		-28	-5	-90	82	0	
4247	1966	1	3	15	0	0	8		-22			82		
4247	1966	1	4	12	70	10	6		-29	-20	-40	76	0	
4247	1966	1	4	15	70	10	9		-38			86		
4247	1966	1	5	12	40	129	1		-90	-29	-95	56	20	
4247	1966	1	5	15	70	129	1		-82			54		
4247	1966	1	6	12	320	103	1		-125	-82	-130	60	0	
4247	1966	1	6	15	320	77	1		-130			62		
4247	1966	1	7	12	320	21	1		-150	-125	-165	66	0	
4247	1966	1	7	15	100	5	3		-153			70		
4247	1966	1	8	12	40	26	1		-142	-140	-153	72	0	
4247	1966	1	8	15	40	26	1		-140			70		
4247	1966	1	10	12	110	10	3		-50	-45	-150	40	0	
4247	1966	1	10	15	110	26	8		-50			48		
4247	1966	1	11	12	60	5	1		-51	-40	-60	75	0	
4247	1966	1	11	15	0	0	4		-62			76		
4247	1966	1	12	12	340	21	8		-60	-50	-70	78	0	
4247	1966	1	12	15	340	21	8		-65			78		
4247	1966	1	13	12	40	36	1		-78	-60	-80	81	0	
4247	1966	1	13	15	70	51	1		-75			85		
4247	1966	1	14	12	330	5	8		-12	-11	-78	88	0	
4247	1966	1	14	15	310	5	8		-2			88		
4247	1966	1	15	12	0	0	1		-1	15	-15	84	10	
4247	1966	1	15	15	20	21	3		-1			80		
4247	1966	1	17	12	360	36	8		-25	-5	-40	76	0	
4247	1966	1	17	15	360	21	8		-20			75		
4247	1966	1	18	12	350	36	8		-28	-15	-40	72	0	
4247	1966	1	18	15	350	57	8		-30			72		
4247	1966	1	19	12	350	21	8		-48	-20	-60	68	0	
4247	1966	1	19	15	350	36	6		-51			67		
4247	1966	1	20	12	350	36	8		-62	-45	-70	69	0	
4247	1966	1	20	15	360	36	8		-60			66		
4247	1966	1	21	12	360	21	4		-52	-55	-65	74	0	
4247	1966	1	22	12	40	15	8		-58	-52	-60	87	3	
4247	1966	1	22	15	310	36	8		-80			68		
4247	1966	1	24	12	310	21	4		-134	-85	-135	78	5	
4247	1966	1	25	12	360	36	7		-136	-130	-140	80	0	
4247	1966	1	25	15	30	41	4		-122			80		
4247	1966	1	26	12	120	21	2		-88	-80	-122	78	0	
4247	1966	1	26	15	90	26	1		-88			74		
4247	1966	1	27	12	90	31	1		-80	-80	-95	68	0	
4247	1966	1	27	15	90	21	1		-80			68		
4247	1966	1	28	12	360	21	4		-70	-65	-80	73	0	
4247	1966	1	29	12	360	36	8		-78	-60	-80	70	0	
4247	1966	1	29	15	90	26	1		-83			66		
4247	1966	1	31	12	90	21	1		-100	-80	-102	75	0	
4247	1966	1	31	15	90	31	1		-93			70		
4247	1966	2	1	12	70	36	1		-82	-70	-102	70	0	
4247	1966	2	1	15	70	36	1		-79			65		
4247	1966	2	2	12	80	26	1		-71	-62	-80	78	0	
4247	1966	2	2	15	80	31	1		-69			79		
4247	1966	2	3	12	0	0	2		-51	-50	-74	75	0	
4247	1966	2	3	15	20	5	4		-50			78		
4247	1966	2	4	12	100	5	8		-64	-30	-70	85	0	
4247	1966	2	4	15	100	15	8		-71			87		
4247	1966	2	5	12	0	0	8		-101	-65	-101	93	60	
4247	1966	2	5	15	360	21	2		-100			95		
4247	1966	2	7	12	350	21	5		-74	-60	-75	87	0	
4247	1966	2	8	12	360	21	6		-76	-65	-80	92	0	
4247	1966	2	8	15	360	21	8		-74			90		
4247	1966	2	9	12	290	36	8		-88	-60	-90	86	0	
4247	1966	2	9	15	290	36	6		-88			82		
4247	1966	2	10	12	360	5	8		-100	-79	-110	88	2	
4247	1966	2	10	15	40	5	7		-98			85		
4247	1966	2	11	12	90	21	8		-70	-69	-100	89	2	
4247	1966	2	11	15	70	15	8		-44			63		
4247	1966	2	12	12	260	5	8		-20	-20	-71	90	40	
4247	1966	2	12	15	260	36	8		-75			90		
4247	1966	2	14	12	0	0	8		-54	-54	-76	94	60	
4247	1966	2	14	15	0	0	8		-40			93		
4247	1966	2	15	15	10	36	8		-48	-20	-54	88	50	
4247	1966	2	16	12	80	57	3		54	70	-48	28	0	
4247	1966	2	16	15	80	144	4		60			28		
4247	1966	2	17	12	80	36	8		100	115	54	26	0	
4247	1966	2	17	15	140	175	8		110			23		
4247	1966	2	18	12	150	21	8		60	120	38	36	0	
4247	1966	2	18	15	150	77	8		88			26		
4247	1966	2	19	12	90	21	1		29	90	5	50	0	
4247	1966	2	19	15	80	5	1		23			52		
4247	1966	2	21	12	240	21	8		-23	23	-38	88	20	
4247	1966	2	21	15	220	36	8		-22			84		
4247	1966	2	22	12	120	15	8		-38	-20	-50	60	20	
4247	1966	2	22	15	220	10	8		-16			63		
4247	1966	2	23	12	340	15	6		-50	0	-55	80	50	
4247	1966	2	23	15	320	5	5		-42			74		
4247	1966	2	24	12	360	21	7		-54	-25	-60	87	0	
4247	1966	2	24	15	340	21	7		-45			80		
4247	1966	2	25	12	40	21	8		-49	-40	-55	58	0	
4247	1966	2	25	15	40	5	8		-48			55		
4247	1966	2	26	12	90	36	8		-34	-30	-55	70	0	
4247	1966	2	26	15	90	36	8		-20			60		
4247	1966	2	28	12	220	10	5		-32	10	-45	74	10	
4247	1966	2	28	15	40	15	3		-40			72		
4247	1966	3	1	12	0	0	2		-60	-50	-60	83	0	
4247	1966	3	1	15	0	0	6		-57			76		
4247	1966	3	2	12	30	31	8		-52	-40	-61	80	50	
4247	1966	3	2	15	30	21	8		-54			76		
4247	1966	3	3	12	90	41	1		-78	-50	-82	77	70	
4247	1966	3	3	15	10	57	7		-74			70		
4247	1966	3	4	12	10	36	8		-90	-65	-95	82	0	
4247	1966	3	4	15	10	21	8		-84			78		
4247	1966	3	5	12	30	51	0		-118	-80	-122	75	0	
4247	1966	3	5	15	70	36	3		-93			70		
4247	1966	3	7	12	70	36	8		-66	-65	-118	62	0	
4247	1966	3	7	15	90	36	8		-57			60		
4247	1966	3	8	12	160	51	9		-20	-10	-67	94	10	
4247	1966	3	8	15	240	87	9		-59			71		
4247	1966	3	9	12	300	113	9		-112	-20	-115	75	18	
4247	1966	3	9	15	300	82	6		-120			52		
4247	1966	3	10	12	150	51	2		-130	-108	-132	64	-1	
4247	1966	3	10	15	10	21	3		-128			67		
4247	1966	3	12	12	340	51	2		-171	-117	-185	65	0	
4247	1966	3	12	15	90	21	0		-109			60		
4247	1966	3	14	12	360	87	0		-62	-50	-180	63	0	
4247	1966	3	14	15	360	113	0		-40			60		
4247	1966	3	15	12	10	5	0		-14	-10	-62	57	0	
4247	1966	3	15	15	80	5	0		-1			55		
4247	1966	3	16	12	310	21	8		-22	0	-25	85	4	
4247	1966	3	16	15	310	21	8		-24			85		
4247	1966	3	17	12	20	36	8		-24	-15	-25	86	10	
4247	1966	3	17	15	20	36	3		-18			62		
4247	1966	3	18	12	280	87	8		-86	-15	-90	87	8	
4247	1966	3	18	15	260	36	8		-82			65		
4247	1966	3	19	12	320	36	8		-120	-70	-125	88	12	
4247	1966	3	19	15	70	21	7		-114			88		
4247	1966	3	21	12	180	57	8		-110	-110	-120	77	10	
4247	1966	3	21	15	20	21	8		-104			94		
4247	1966	3	22	12	30	36	8		-102	-75	-110	87	34	
4247	1966	3	22	15	30	57	7		-90			85		
4247	1966	3	23	12	0	0	8		-2	0	-102	95	70	
4247	1966	3	23	15	20	21	8		10			75		
4247	1966	3	24	12	200	57	8		-50	30	-55	77	4	
4247	1966	3	24	15	220	36	8		-62			72		
4247	1966	3	25	12	0	0	8		-64	-40	-70	78	0	
4247	1966	3	25	15	20	21	8		-60			83		
4247	1966	3	26	12	320	57	5		-116	-55	-120	76	8	
4247	1966	3	26	15	320	21	6		-112			59		
4247	1966	3	28	12	50	21	8		-32	-30	-116	96	50	
4247	1966	3	28	15	210	113	6		-4			77		
4247	1966	3	29	12	10	57	3		-44	0	-45	73	6	
4247	1966	3	29	15	20	57	1		-32			67		
4247	1966	3	30	12	30	36	5		-12	-10	-45	65	0	
4247	1966	3	30	15	0	0	6		-4			64		
4247	1966	3	31	12	350	36	0		0	20	-15	85	0	
4247	1966	3	31	15	0	0	0		16			73		
4247	1966	4	1	12	0	0	5		-10	40	-20	80	0	
4247	1966	4	1	15	0	0	0		-6			83		
4247	1966	4	2	12	0	0	8		-34	0	-45	96	0	
4247	1966	4	4	12	30	21	3		-10	10	-25	80	0	
4247	1966	4	4	15	30	36	0		-2			75		
4247	1966	4	5	12	40	36	8		-24	15	-35	80	0	
4247	1966	4	5	15	300	57	5		-22			72		
4247	1966	4	6	15	20	21	0		-26	10	-35	82	0	
4247	1966	4	9	15	280	87	8		-62	-40	-75	92	0	
4247	1966	4	12	15	350	36	0		-58	-32	-72	77	0	
4247	1966	4	13	12	0	0	5		-30	-25	-58	70	0	
4247	1966	4	14	12	0	0	6		20	30	-30	74	0	
4247	1966	4	14	15	0	0	6		34			65		
4247	1966	4	15	12	220	57	3		-4			78		
4247	1966	4	15	15	210	57	0		2	34	-15	75	0	
4247	1966	4	16	12	40	21	0		18			73		
4247	1966	4	16	15	0	0			-12	2	-30	70	0	
4247	1966	4	18	12	210	36	5		-22			76		
4247	1966	4	18	15	210	21	8		-18	-15	-25	68	0	
4247	1966	4	19	12	290	21	4		-30			70		
4247	1966	4	19	15	290	36	3		-32	-18	-45	74	0	
4247	1966	4	20	12	90	62	6		-40			55		
4247	1966	4	20	15	90	51	8		-30	-25	-55	48		
4247	1966	4	21	12	180	36	8		-23	-20	-45	38	20	
4247	1966	4	21	15	130	87	8		2			66		
4247	1966	4	22	12	0	0	9		0			85		
4247	1966	4	22	15	0	0	9		20	40	-15	72	120	
4247	1966	4	23	12	0	0	8		10			94		
4247	1966	4	23	15	0	0	7		32	38	-10	75	60	
4247	1966	4	25	12	70	62			-18			68		
4247	1966	4	25	15	90	36			0	40	-30	62		
4247	1966	4	26	12	90	15			12			70		
4247	1966	4	26	15	0	0			22	30	-5	64		
4247	1966	4	27	12	70	51			8			63		
4247	1966	4	27	15	0	0			16	50	-10	58		
4247	1966	4	28	12	210	36	8		-8			82		
4247	1966	4	28	15	240	36	8		-8	16	-30	78	0	
4247	1966	4	29	12	280	26	8		-27			83		
4247	1966	4	29	15	280	36	8		-24	-5	-45	83	-1	
4247	1966	4	30	12	250	57	8		-58			87	40	
4247	1966	5	2	12	0	0	6		-40	-30	-55	65	0	
4247	1966	5	2	15	290	31	2		-38			68	0	
4247	1966	5	3	12	40	15			-38	-26	-57	68		
4247	1966	5	3	15	40	15	1		-22			50		
4247	1966	5	4	12	250	36	8		-28	0	-45	65		
4247	1966	5	4	15	250	15	4		-20					
4247	1966	5	5	12	70	15	6		-22	-10	-45	90	4	
4247	1966	5	5	15	40	26	2		-14			65		
4247	1966	5	7	12	90	36			-5	30	-35	68	2	
4247	1966	5	7	15	0	0			-10			48		
4247	1966	5	9	12	160	36			40	55	-5	38		
4247	1966	5	9	15	0	0			60			35		
4247	1966	5	10	12	210	36	8		-4	60	-45	77		
4247	1966	5	10	15	210	51	8		-13			85		
4247	1966	5	11	12	70	26	4		-21	-4	-45	84		
4247	1966	5	11	15	70	15			-10					
4247	1966	5	12	12	50	21			16	35	-21	38		
4247	1966	5	12	15	90	15			26			35		
4247	1966	5	13	12	100	21	4		18	50	-10	55		
4247	1966	5	13	15	100	36	2		12			72		
4247	1966	5	14	12	0	0	8		10	35	-10	85		
4247	1966	5	14	15	0	0	4		10			75		
4247	1966	5	16	12	0	0	8		12	40	-10	80		
4247	1966	5	16	15	0	0	6		20			78		
4247	1966	5	17	12	0	0	3		16	35	-10	83		
4247	1966	5	17	15	60	21	2		18			75		
4247	1966	5	18	12	210	36	5		12	45	-15	92		
4247	1966	5	18	15	210	36	3		16			92		
4247	1966	5	20	12	320	31	8		-10	40	-35	82		
4247	1966	5	20	15	0	0	6		10			77		
4247	1966	5	21	12	0	0	6		16	40	-10	74		
4247	1966	5	21	15	0	0	5		52			48		
4247	1966	5	23	12	0	0	8		40	70	10	90	6	
4247	1966	5	23	15	220	36	8		38			88	2	
4247	1966	5	24	12	0	0	6		36	50	5	86	4	
4247	1966	5	24	15	0	0	8		30			88		
4247	1966	5	25	12	0	0	8		20	35	-10	86		
4247	1966	5	25	15	0	0	8		36			77		
4247	1966	5	26	12	0	0	4		36	45	5	85		
4247	1966	5	26	15	0	0	4		50			74		
4247	1966	5	27	12	40	36			44	70	15	72		
4247	1966	5	27	15	0	0			76			40		
4247	1966	5	28	12	0	0	5		20	85	10	88		
4247	1966	5	28	15	210	21	3		28			82		
4247	1966	5	31	12	50	26	2		59	65	30	56		
4247	1966	5	31	15	220	0	2		98			62		
4247	1966	6	1	12	0	0	8		28	98	-5	90		
4247	1966	6	1	15	210	21	7		28			92		
4247	1966	6	2	12	0	0	6		26	40	-10	76		
4247	1966	6	2	15	0	0	3		48			63		
4247	1966	6	3	12	0	0	5		44	70	10	80		
4247	1966	6	3	15	0	0	6		42			83		
4247	1966	6	4	15	0	0	5		70			82		
4247	1966	6	6	12	230	10	8		22	90	55	88		
4247	1966	6	6	15	220	36	8		30			81		
4247	1966	6	7	12	0	0	6		34	40	0	86		
4247	1966	6	8	12	230	10	8		23	61	0	87		
4247	1966	6	9	12	0	0	5		32	40		89		
4247	1966	6	9	15	230	10	0		40			85		
4247	1966	6	10	12	0	0	8		30	53		80		
4247	1966	6	10	15	230	5	7		33			81		
4247	1966	6	11	12	230	15	5		20	51		63		
4247	1966	6	13	12	0	0	8		56	60		75		
4247	1966	6	13	15	0	0	8		44			86		
4247	1966	6	14	12	190	15	6		-16	56		81		
4247	1966	6	14	15	230	5	6		-1			88		
4247	1966	6	15	12	230	5	8		-15	30	-20	55		
4247	1966	6	15	15	230	10	6		22			60		
4247	1966	6	16	12	0	0	8		44	30	-15	86		
4247	1966	6	16	15	10	5	6		65			58		
4247	1966	6	17	12	0	0	8		51	102	13	85		
4247	1966	6	17	15	0	0	8		51			89		
4247	1966	6	18	12	0	0	8		50	70	5	90		
4247	1966	6	18	15	0	0	8		69			87		
4247	1966	6	20	12	230	5	8		52	106	13	91		
4247	1966	6	20	15	0	0	8		50			89		
4247	1966	6	21	12	0	0	1		53	75	14	94		
4247	1966	6	21	15	30	5	8		59			94		
4247	1966	6	22	12	0	0	8		56	59	15	90		
4247	1966	6	22	15	30	5	8		78			81		
4247	1966	6	23	12	0	0	1		70	103	35	68		
4247	1966	6	23	15	0	0	1		82			70		
4247	1966	6	24	12	0	0	1		65	90	20	79		
4247	1966	6	24	15	0	0	8		79			86		
4247	1966	6	25	12	320	15	1		50	117	-5	95		
4247	1966	6	25	15	0	0	3		45			91		
4247	1966	6	27	12	230	10	3		52	90	7	85		
4247	1966	6	27	15	0	0	8		60			89		
4247	1966	6	28	12	230	5	7		57	78	40	85		
4247	1966	6	28	15	230	5	7		61			84		
4247	1966	6	29	12	0	0	8		46	68	-9	91		
4247	1966	6	29	15	30	5	8		50			89		
4247	1966	6	30	12	0	0	8		70	85	46	84		
4247	1966	6	30	15	0	0	8		75			91		
4247	1966	7	1	12	230	10	8		59	70	10	90		
4247	1966	7	1	15	230	10	8		48			91		
4247	1966	7	2	12	30	5	8		50	55	2	92		
4247	1966	7	4	12	230	21	8		50	71	0	70		
4247	1966	7	4	15	230	5	8		49			85		
4247	1966	7	5	12	0	0	8		56	70	5	80		
4247	1966	7	5	15	30	5	8		53			83		
4247	1966	7	6	12	0	0	8		78	94	26	90		
4247	1966	7	6	15	0	0	4		80			93		
4247	1966	7	7	12	230	15	8		51	90	1	89	40	
4247	1966	7	7	15	230	15	8		50			89		
4247	1966	7	8	12	40	21	7		52	60	5	80	80	
4247	1966	7	8	15	0	0	3		74			76		
4247	1966	7	9	12	90	36			80	110	35	68		
4247	1966	7	11	12	0	0	8		82	145	25	90		
4247	1966	7	12	12	0	0	2		80	90	25	84		
4247	1966	7	13	12	0	0	8		82	125	30	73	110	
4247	1966	7	13	15	0	0	8		86			68		
4247	1966	7	14	12	0	0	8		62	91	50	89	33	
4247	1966	7	14	15	0	0	8		87			77		
4247	1966	7	15	12	40	10	8		55	98	50	94	24	
4247	1966	7	16	12	0	0	8		80	110	55	94	38	
4247	1966	7	16	15	0	0	8		70			94		
4247	1966	7	18	12	0	0	8		68	100	60	90	36	
4247	1966	7	19	12	40	21	3		54	75	25	90		
4247	1966	7	20	12	60	21	8		20	90	15	90		
4247	1966	7	21	12	50	36	8		64	90	30	88		
4247	1966	7	22	12	0	0	5		68	100	35	80		
4247	1966	7	23	12	0	0	8		72	115	40	83		
4247	1966	7	25	12	0	0	8		60	110	35	93		
4247	1966	7	26	12	0	0	9		58	75	20	94		
4247	1966	7	27	12	0	0	5		68	85	40	88		
4247	1966	7	28	12	330	31	6		86	100	65	80		
4247	1966	7	29	12	0	0	9		59	120	43	93		
4247	1966	7	30	12	0	0	9		47	100	41	92		
4247	1966	8	1	12	0	0	6		70	120	69	68		
4247	1966	8	1	15	0	0	4		101			67		
4247	1966	8	2	12	0	0	0		73	120	51	65		
4247	1966	8	3	12	0	0	3		50	130	38	74		
4247	1966	8	3	15	0	0	5		60			87		
4247	1966	8	4	12	0	0	9		61	75	48	93		
4247	1966	8	5	12	0	0	8		44	85	20	90		
4247	1966	8	6	12	0	0	0		45	57	39	89		
4247	1966	8	6	15	0	0	0		53			85		
4247	1966	8	8	12	0	0	0		79	115	13	66		
4247	1966	8	9	12	0	0	0		53	135	37	87		
4247	1966	8	10	12	0	0	2		40	86	23	93		
4247	1966	8	10	15	220	5	2		60			90		
4247	1966	8	11	12	0	0	8		60	100	45	93		
4247	1966	8	11	15	220	5	7		60			89		
4247	1966	8	12	12	0	0	8		53	80	31	93		
4247	1966	8	12	15	0	0	6		68			90		
4247	1966	8	13	12	40	10	1		70	75	3	75		
4247	1966	8	13	15	0	0	0		79			75		
4247	1966	8	15	12	0	0	0		100	135	78	57		
4247	1966	8	15	15	0	0	0		120			51		
4247	1966	8	16	12	0	0	9		53	146	34	94		
4247	1966	8	16	15	230	5	7		57	60	40	91		
4247	1966	8	17	12	0	0	0		57	60	40	91		
4247	1966	8	17	15	0	0	0		80			81		
4247	1966	8	18	12	0	0	8		58	105	39	93		
4247	1966	8	18	15	0	0	8		63			89		
4247	1966	8	19	12	0	0	8		60	71	49	94		
4247	1966	8	19	15	0	0	7		79			85		
4247	1966	8	20	12	0	0	8		55	80	41	93		
4247	1966	8	23	12	0	0	0		75	105	10	76		
4247	1966	8	23	15	0	0	0		74			75		
4247	1966	8	24	12	0	0	0		68	90	0	75		
4247	1966	8	24	15	0	0	0		87			58		
4247	1966	8	25	12	0	0	0		75	104	10	74		
4247	1966	8	25	15	0	0	0		78			75		
4247	1966	8	26	12	230	5	0		60	84	0	89		
4247	1966	8	26	15	230	5	0		70			85		
4247	1966	8	27	12	0	0	8		60	84	2	85		
4247	1966	8	27	15	0	0	5		64			85		
4247	1966	8	29	12	0	0	7		75	82	7	86		
4247	1966	8	29	15	230	5	7		78	90	10	90		
4247	1966	8	30	12	0	0	6		75	94	7	90		
4247	1966	8	30	15	0	0	7		75			89		
4247	1966	8	31	12	30	10	5		90	101	25	58		
4247	1966	8	31	15	30	21	1		100			57		
4247	1966	9	5	12	230	26	6		33	120	12	81		
4247	1966	9	5	15	230	31	5		44			70		
4247	1966	9	6	12	30	15	8		45	50	29	80		
4247	1966	9	6	15	30	21	7		52			79		
4247	1966	9	7	12	230	10	8		54	75	-10	85		
4247	1966	9	7	15	230	5	8		60			74		
4247	1966	9	8	12	40	5	7		65	75	0	70		
4247	1966	9	8	15	60	5	6		75			85		
4247	1966	9	9	12	0	0	8		74	85	7	83		
4247	1966	9	9	15	0	0	8		72			88		
4247	1966	9	10	12	0	0	7		56	75	56	94		
4247	1966	9	12	12	0	0	6		42	70	-22	85		
4247	1966	9	12	15	0	0	6		60			75		
4247	1966	9	13	12	30	15	5		50	69	-18	65		
4247	1966	9	13	15	0	0	8		53			55		
4247	1966	9	14	12	0	0	5		69	80	3	90		
4247	1966	9	14	15	230	41	6		89			78		
4247	1966	9	15	12	30	5	8		48	89	-20	93		
4247	1966	9	15	15	30	5	8		50			87		
4247	1966	9	16	12	0	0	2		20	70	11	90		
4247	1966	9	16	15	0	0	3		21			95		
4247	1966	9	17	12	230	5	3		22	25	1	95		
4247	1966	9	17	15	230	10	3		20			95		
4247	1966	9	19	12	30	5	8		22	48	-20	65		
4247	1966	9	19	15	30	10	0		23			58		
4247	1966	9	20	12	30	15	0		2	30	-55	54		
4247	1966	9	20	15	0	0	0		11			47		
4247	1966	9	21	12	30	46	0		2	35	-60	60		
4247	1966	9	21	15	30	5	0		20			56		
4247	1966	9	22	12	30	10	8		13	25	-50	68		
4247	1966	9	22	15	0	0	8		20			69		
4247	1966	9	23	12	0	0	0		18	25	-46	69		
4247	1966	9	23	15	0	0	0		23			76		
4247	1966	9	24	12	0	0	8		27	55	-40	80		
4247	1966	9	24	15	0	0	8		40			70		
4247	1966	9	26	12	0	0	6		90	115	25	62		
4247	1966	9	26	15	50	5	2		85			59		
4247	1966	9	27	12	40	5	6		72	117	5	82		
4247	1966	9	27	15	0	0	3		72			79		
4247	1966	9	28	12	0	0	8		47	90	-12	94		
4247	1966	9	28	15	30	5	8		50			86		
4247	1966	9	29	12	0	0	5		33	55	-30	94		
4247	1966	9	29	15	0	0	2		52			89		
4247	1966	9	30	12	0	0	8		34	55	-30	89		
4247	1966	9	30	15	0	0	7		55			87		
4247	1966	10	1	12	0	0	3		25	65	-35	95		
4247	1966	10	1	15	0	0	2		32			84		
4247	1966	10	3	12	30	15	2		18	50	-45	75		
4247	1966	10	3	15	30	10	0		30			70		
4247	1966	10	4	12	0	0	0		13	45	-45	74		
4247	1966	10	4	15	0	0	0		25			71		
4247	1966	10	5	12	230	5	8		21	45	-44	90		
4247	1966	10	5	15	0	0	7		22			89		
4247	1966	10	6	12	30	5	0		0	50	-65	79		
4247	1966	10	6	15	30	10	1		10			70		
4247	1966	10	7	12	30	10	8		65	75	0	69		
4247	1966	10	7	15	70	31	8		115			32		
4247	1966	10	8	12	0	0	6		48	130	-16	87		
4247	1966	10	8	15	0	0	7		41			77		
4247	1966	10	10	12	0	0	7		-2	55	-68	95		
4247	1966	10	10	15	30	5	7		21			75		
4247	1966	10	11	12	0	0	8		4	45	-55	91		
4247	1966	10	11	15	0	0	8		13			88		
4247	1966	10	12	12	0	0	8		4	18	-56	95		
4247	1966	10	12	15	0	0	8		12			93		
4247	1966	10	13	12	20	15	8		31	35	-30	85		
4247	1966	10	13	15	30	10	5		27			93		
4247	1966	10	14	12	70	21	8		90	95	27	54		
4247	1966	10	14	15	70	15	8		87			48		
4247	1966	10	15	12	0	0	8		20	95	-45	94		
4247	1966	10	15	15	0	0	8		20			93		
4247	1966	10	17	12	230	5	7		12	40	-50	93		
4247	1966	10	17	15	0	0	8		-33			89		
4247	1966	10	18	12	0	0	6		-3	20	-65	95		
4247	1966	10	18	15	0	0	5		0			93		
4247	1966	10	19	12	30	5	1		-26	0	-90	80		
4247	1966	10	19	15	30	5	1		-15			75		
4247	1966	10	20	12	30	10	6		-25	-10	-90	79		
4247	1966	10	20	15	30	10	1		-15			78		
4247	1966	10	21	12	20	5	8		12	12	-50	93		
4247	1966	10	21	15	20	10	8		28			90		
4247	1966	10	22	12	30	15	8		61	75	5	85		
4247	1966	10	22	15	30	5	8		70			80		
4247	1966	10	24	12	0	0	8		17	95	-45	95		
4247	1966	10	24	15	0	0	8		38			93		
4247	1966	10	25	12	0	0	8		17	47	-42	95		
4247	1966	10	25	15	0	0	8		12			94		
4247	1966	10	26	12	30	5	8		30	45	-31	86		
4247	1966	10	26	15	150	15	8		12			86		
4247	1966	10	27	12	0	0	8		26	65	-45	95		
4247	1966	10	27	15	0	0	8		30			94		
4247	1966	10	28	12	230	51	8		23	35	-25	88		
4247	1966	10	28	15	30	5	8		50			87		
4247	1966	10	29	12	230	31	8		20	51	-45	90		
4247	1966	10	29	15	230	26	8		14			89		
4247	1966	10	31	12	30	10	8		43	50	-20	74		
4247	1966	10	31	15	30	10	8		62			55		
4247	1966	11	15	12	170	51	8		-25	-23	-74	34		
4247	1966	11	15	15	170	82	8		-75			32		
4247	1966	11	16	12	30	46	8		-50	-20	-101	67		
4247	1966	11	16	15	30	26	8		-45			66		
4247	1966	11	17	12	30	15	8		-32	-30	-91	97		
4247	1966	11	17	15	210	103	8		-30			96		
4247	1966	11	18	12	230	108	8		-65	-5	-120	80		
4247	1966	11	18	15	170	51	8		-56			60		
4247	1966	11	19	12	0	0	8		-60	-30	-115	91		
4247	1966	11	19	15	0	0	8		-54			93		
4247	1966	11	21	12	250	21	6		-40	-10	-95	66		
4247	1966	11	21	15	0	0	8		-39			90		
4247	1966	11	22	12	170	36	7		-76	-36	-125	75		
4247	1966	11	22	15	170	51	7		-70			65		
4247	1966	11	23	12	230	144	8		-10	0	-73	90		
4247	1966	11	23	15	230	108	8		-10			90		
4247	1966	11	24	12	230	51	8		-61	-32	-97	90		
4247	1966	11	25	12	230	26	8		-70	10	-120	85		
4247	1966	11	25	15	50	36	8		-63			90		
4247	1966	11	26	12	50	26	2		-130	-50	-130	83		
4247	1966	11	26	15	50	26	0		-89			85		
4247	1966	11	28	12	230	123	8		-38	50	-80	95		
4247	1966	11	28	15	230	67	7		-41			85		
4247	1966	11	29	12	140	26	7		-62	-40	-100	65		
4247	1966	11	29	15	180	10	8		-61			70		
4247	1966	11	30	12	30	46	8		-81	-60	-130	85		
4247	1966	11	30	15	30	46	6		-78			88		
4247	1966	12	1	12	30	46	8		-80	-70	-120	65		
4247	1966	12	1	15	30	46	6		-73			65		
4247	1966	12	2	12	330	10	8		-30	-20	-73	95		
4247	1966	12	2	15	200	46	8		-12			90		
4247	1966	12	3	12	30	46	8		-30	20	-60	98		
4247	1966	12	3	15	230	190	8		-38			98		
4247	1966	12	5	12	140	26	8		-111	-50	-140	60		
4247	1966	12	5	15	140	26	8		-106			85		
4247	1966	12	6	12	230	46	8		-40	-40	-106	98		
4247	1966	12	6	15	230	46	8		-58			98		
4247	1966	12	7	12	360	15	7		-90	-20	-137	94		
4247	1966	12	7	15	360	26	8		-90			80		
4247	1966	12	8	12	50	41	8		-94	-65	-140	83		
4247	1966	12	8	15	50	51	8		-50			60		
4247	1966	12	9	12	0	0	8		-35	-4	-94	95		
4247	1966	12	9	15	0	0	8		-27			96		
4247	1966	12	10	12	0	0	8		-40	-5	-90	80		
4247	1966	12	10	15	30	36	8		-50			79		
4247	1966	12	12	12	30	15	8		-127	-50	-180	69		
4247	1966	12	12	15	30	36	8		-120			70		
4247	1966	12	13	12	0	0	8		-85	-80	-135	87		
4247	1966	12	13	15	0	0	8		-83			85		
4247	1966	12	14	12	0	0	8		-72	-60	-123	90		
4247	1966	12	14	15	0	0	8		-70			90		
4247	1966	12	15	12	30	51	8		-22	-22	-72	85		
4247	1966	12	15	15	30	36	8		-21			76		
4247	1966	12	16	12	230	62	8		-27	-5	-85	80		
4247	1966	12	16	15	230	36	8		-24			84		
4247	1966	12	17	12	30	51	7		-52	-21	-100	85		
4247	1966	12	17	15	30	15	8		-55			75		
4247	1966	12	19	12	30	77	8		-50	-48	-100	80		
4247	1966	12	19	15	30	36	8		-47			74		
4247	1966	12	20	12	0	0	8		-45	-40	-95	95		
4247	1966	12	20	15	230	51	8		-5			96		
4247	1966	12	21	12	310	87	8		-42	-5	-98	92		
4247	1966	12	21	15	170	77	8		-41			64		
4247	1966	12	22	12	0	0	8		-55	7	-100	93		
4247	1966	12	22	15	0	0	8		-50			94		
4247	1966	12	23	12	30	15	5		-70	-35	-118	88		
4247	1966	12	23	15	30	51	1		-87			83		
4247	1966	12	27	12	30	36	1		-142	-87	-195	88		
4247	1966	12	27	15	30	36	5		-135			85		
4247	1966	12	28	12	360	41	2		-135	-90	-187	75		
4247	1966	12	28	15	360	26	2		-150			63		
4247	1966	12	29	12	30	51	0		-198	-135	-250	65		
4247	1966	12	29	15	20	82	0		-200			64		
4247	1966	12	30	12	30	77	1		-190	-185	-241	75		
4247	1966	12	30	15	20	82	1		-189			75		
4247	1967	1	2	12	150	82	8		85	98	70	42		
4247	1967	1	2	15	210	123	6		-30			89		
4247	1967	1	3	12	360	41	8		-50	90	-95	85		
4247	1967	1	3	15	10	41	1		-47			87		
4247	1967	1	4	12	10	62	7		-50	-40	-100	70		
4247	1967	1	4	15	10	62	7		-52			78		
4247	1967	1	5	12	30	46	3		-90	-50	-140	94		
4247	1967	1	5	15	0	0	8		-87			94		
4247	1967	1	6	12	30	51	8		-57	-56	-135	85		
4247	1967	1	6	15	30	41	5		-40			90		
4247	1967	1	7	12	50	15	7		36	55	-110	96		
4247	1967	1	7	15	0	0	5		41			96		
4247	1967	1	9	12	310	51	8		-45	70	-95	85		
4247	1967	1	9	15	0	0	8		-31			87		
4247	1967	1	10	12	30	62	8		-47	-20	-98	83		
4247	1967	1	10	15	30	41	6		-48			85		
4247	1967	1	11	12	210	41	1		-35	-33	-97	95		
4247	1967	1	11	15	360	51	3		-50			95		
4247	1967	1	12	12	230	108	5		-47	-35	-95	80		
4247	1967	1	12	15	230	82	6		-50			60		
4247	1967	1	13	12	30	62	8		-105	-40	-156	87		
4247	1967	1	13	15	30	62	8		-115			94		
4247	1967	1	14	12	30	51	7		-130	-104	-181	90		
4247	1967	1	16	12	30	62	1		-130	-125	-180	82		
4247	1967	1	16	15	30	72	1		-121			77		
4247	1967	1	17	12	0	0	8		-30	-25	-125	69		
4247	1967	1	17	15	20	51	8		-20			90		
4247	1967	1	18	12	180	82	8		50	40	-40	58		
4247	1967	1	18	15	220	108	8		1			75		
4247	1967	1	19	12	50	72	8		-70	10	-115	89		
4247	1967	1	19	15	30	41	8		-65	-52		75		
4247	1967	1	20	12	170	123	8		62	65	-115	31		
4247	1967	1	20	15	150	62	8		48			44		
4247	1967	1	21	12	180	72	8		38	72	-5	42		
4247	1967	1	21	15	230	62	8		1			91		
4247	1967	1	23	12	360	41	8		-30	85	-82	85		
4247	1967	1	23	15	10	41	8		-30			85		
4247	1967	1	24	12	170	231	8		43	74	-80	28		
4247	1967	1	24	15	170	123	8		45			25		
4247	1967	1	25	12	20	36	8		18	60	-30	58		
4247	1967	1	25	15	30	62	8		3			74		
4247	1967	1	26	12	0	0	8		-31	45	-80	92		
4247	1967	1	26	15	20	15	6		-23			90		
4247	1967	1	27	12	20	31	6		-27	25	-75	90		
4247	1967	1	27	15	30	51	7		-21			88		
4247	1967	1	28	12	30	41	4		-38	-20	-90	80		
4247	1967	1	28	15	0	0	3		-42			82		
4247	1967	1	30	12	30	72	8		-70	-26	-120	97		
4247	1967	1	30	15	30	62	8		-60			88		
4247	1967	1	31	12	0	0	8		-50	-50	-110	85		
4247	1967	1	31	15	0	0	8		-47			78		
4247	1967	2	1	12	230	82	7		-74	-25	-122	80		
4247	1967	2	1	15	210	62	7		-76			80		
4247	1967	2	2	12	30	82	5		-102	-74	-151	80		
4247	1967	2	2	15	30	93	4		-110			85		
4247	1967	2	3	12	40	93	8		-50	-50	-127	81		
4247	1967	2	3	15	20	108	8		-78			79		
4247	1967	2	4	12	200	144	8		-140	-75	-190	89		
4247	1967	2	4	15	210	123	8		-139			76		
4247	1967	2	6	12	20	165	8		-7	-5	-55	98		
4247	1967	2	6	15	30	237	8		-10			98		
4247	1967	2	7	12	0	0	8		65	100	-26	74		
4247	1967	2	7	15	20	165	6		75			49		
4247	1967	2	8	12	30	62	2		-90	75	-142	72		
4247	1967	2	8	15	0	0	6		-91			84		
4247	1967	2	9	12	30	46	8		-82	-69	-124	55		
4247	1967	2	9	15	220	93	8		-80			89		
4247	1967	2	10	12	360	67	8		-136	-73	-185	95		
4247	1967	2	10	15	360	154	8		-141			92		
4247	1967	2	11	12	180	93	8		-133	-127	-184	95		
4247	1967	2	11	15	180	93	7		-132			96		
4247	1967	2	13	12	90	46	7		-10	10	-60	90		
4247	1967	2	13	15	320	10	8		10			85		
4247	1967	2	14	12	320	10	8		-35	20	-85	93		
4247	1967	2	14	15	320	26	8		-39			92		
4247	1967	2	15	12	260	123	8		-72	-16	-120	90		
4247	1967	2	15	15	320	67	8		-93			90		
4247	1967	2	16	12	320	46	6		-93	-80	-140	90		
4247	1967	2	16	15	240	67	7		-81			90		
4247	1967	2	17	12	320	26	8		-80	-79	-121	85		
4247	1967	2	17	15	320	10	8		-81			92		
4247	1967	2	18	12	320	93	8		-91	-79	-131	95		
4247	1967	2	18	15	320	93	8		-96			95		
4247	1967	2	20	12	360	26	8		-112	-40	-162	95		
4247	1967	2	20	15	30	10	8		-108			95		
4247	1967	2	21	12	360	46	8		-96	-90	-140	95		
4247	1967	2	21	15	360	46	7		-100			90		
4247	1967	2	22	12	50	26	8		-106	-90	-152	84		
4247	1967	2	22	15	70	26	5		-111			88		
4247	1967	2	23	12	50	26	7		-96	-80	-128	95		
4247	1967	2	23	15	50	26	8		-88			95		
4247	1967	2	24	12	360	10	2		-102	-90	-160	96		
4247	1967	2	24	15	360	10	2		-98			90		
4247	1967	2	25	12	110	26	8		-88	-70	-110	78		
4247	1967	2	25	15	320	46	3		-92			95		
4247	1967	2	27	12	360	46	8		-112	-90	-150	99		
4247	1967	2	27	15	180	67	7		-116			75		
4247	1967	2	28	12	40	67	3		-144	-110	-190	84		
4247	1967	2	28	15	40	46	2		-148			85		
4247	1967	3	1	12	90	67	2		-156	-110	-200	95		
4247	1967	3	1	15	90	67	1		-158			85		
4247	1967	3	2	12	90	26	1		-166	-140	-200	94		
4247	1967	3	2	15	90	46	1		-156			92		
4247	1967	3	3	12	50	46	1		-140	-140	-180	92		
4247	1967	3	3	15	50	67	1		-120			90		
4247	1967	3	4	12	90	46	0		-60	-60	-140	70		
4247	1967	3	4	15	90	46	2		-60			70		
4247	1967	3	6	12	40	46	3		-98	-40	-140	75		
4247	1967	3	6	15	40	26	3		-92			70		
4247	1967	3	7	12	40	26	5		-96	-60	-120	95		
4247	1967	3	7	15	40	26	2		-82			80		
4247	1967	3	10	12	360	46	6		-180	-160	-220	97		
4247	1967	3	10	15	360	46	6		-180			95		
4247	1967	3	11	12	270	26	8		-180	-160	-220	95		
4247	1967	3	11	15	270	46	7		-174			98		
4247	1967	3	13	12	330	46	8		-150	-130	-180	98		
4247	1967	3	13	15	330	26	8		-144			95		
4247	1967	3	14	12	20	26	1		-126	-125	-160	85		
4247	1967	3	14	15	20	46	2		-106			80		
4247	1967	3	15	12	360	26	8		-114	-60	-140	96		
4247	1967	3	15	15	360	46	6		-110			95		
4247	1967	3	16	12	50	46	0		-92	-80	-120	64		
4247	1967	3	16	15	50	46	2		-86			65		
4247	1967	3	17	12	50	26	2		-82	-70	-116	70		
4247	1967	3	17	15	50	26	1		-84			65		
4247	1967	3	18	12	260	226	8		-100	-70	-110	100		
4247	1967	3	18	15	320	190	8		-128			95		
4247	1967	3	20	12	330	46	8		-120	-120	-170	90		
4247	1967	3	20	15	330	46	6		-132			92		
4247	1967	3	21	12	70	26	7		-130	-120	-150	90		
4247	1967	3	21	15	180	46	8		-120			80		
4247	1967	3	22	12	230	46	8		-80	-70	-130	92		
4247	1967	3	22	15	230	46	8		-86			96		
4247	1967	3	25	12	50	46	1		-110	-80	-140	70		
4247	1967	3	25	15	50	46	0		-110			64		
4247	1967	3	28	12	50	46	4		-110	-20	-120	90		
4247	1967	3	28	15	90	46	1		-90			80		
4247	1967	3	29	12	30	67	8		-56	-50	-110	75		
4247	1967	3	29	15	360	67	8		-30			75		
4247	1967	3	30	12	220	93	8		-30	-2	-70	75		
4247	1967	3	30	15	220	46	8		-40			84		
4247	1967	3	31	12	270	26	8		-40	-30	-80	95		
4247	1967	3	31	15	220	46	8		-30			85		
4247	1967	4	1	12	220	67	6		-80	-50	-100	92		
4247	1967	4	1	15	220	67	5		-68			92		
4247	1967	4	3	12	50	67	3		-80	-55	-120	80		
4247	1967	4	3	15	50	67	1		-58			75		
4247	1967	4	4	12	50	67	8		0	20	-40	50		
4247	1967	4	4	15	50	46	8		20			56		
4247	1967	4	5	12	30	123	5		-57	20	-95	88		
4247	1967	4	5	15	260	154	6		-58			54		
4247	1967	4	6	12	250	46	5		-30	-30	-58	60		
4247	1967	4	6	15	220	46	6		-20			60		
4247	1967	4	7	12	160	10	8		-20	20	-60	95		
4247	1967	4	7	15	220	67	8		-36			90		
4247	1967	4	8	12	30	26	8		-50	-2	-80	95		
4247	1967	4	8	15	220	46	8		-48			85		
4247	1967	4	10	12	160	46	8		-80	-40	-130	65		
4247	1967	4	10	15	120	67	8		-60			70		
4247	1967	4	11	12	320	93	8		-80	-60	-120	95		
4247	1967	4	11	15	320	67	8		-90			95		
4247	1967	4	12	12	40	26	1		-120	-80	-180	65		
4247	1967	4	12	15	40	26	0		-110			65		
4247	1967	4	13	12	360	67	0		-120	-100	-140	65		
4247	1967	4	13	15	360	46	0		-106			50		
4247	1967	4	14	12	360	26	3		-102	-80	-110	80		
4247	1967	4	14	15	40	10	2		-92			70		
4247	1967	4	15	12	360	26	0		-82	-60	-102	55		
4247	1967	4	15	15	360	46	0		-62			52		
4247	1967	4	17	12	360	26	4		-52	-40	-62	85		
4247	1967	4	17	15	40	10	2		-42			80		
4247	1967	4	18	12	40	26	3		-60	-40	-64	90		
4247	1967	4	18	15	40	26	2		-52			85		
4247	1967	4	19	12	320	46	8		-74	-50	-90	98		
4247	1967	4	19	15	320	10	8		-70			90		
4247	1967	4	20	12	40	26	7		-90	-60	-96	80		
4247	1967	4	20	15	40	26	2		-80			80		
4247	1967	4	22	12	40	10	2		-80	-40	-80	80		
4247	1967	4	22	15	40	10	5		-70			70		
4247	1967	4	24	12	230	67	8		-68	-40	-80	90		
4247	1967	4	24	15	230	46	4		-56			80		
4247	1967	4	25	12	270	10	7		-60	-30	-80	70		
4247	1967	4	25	15	230	46	8		-62			80		
4247	1967	4	26	12	140	46	3		-70	-50	-70	75		
4247	1967	4	26	15	140	26	2		-62			60		
4247	1967	4	27	12	140	46	4		-60	-30	-62	70		
4247	1967	4	27	15	140	26	6		-50			70		
4247	1967	4	28	12	140	46	8		-20	-20	-60	52		
4247	1967	4	28	15	90	26	8		-20			55		
4247	1967	4	29	12	140	46	4		-50	-10	-60	90		
4247	1967	4	29	15	50	26	3		-34			75		
4247	1967	5	1	12	90	26	0		-20	0	-20	75		
4247	1967	5	1	15	0	0	7		10			55		
4247	1967	5	2	12	220	93	7		-30	10	-40	75		
4247	1967	5	2	15	220	67	7		-22			70		
4247	1967	5	3	12	90	46	5		-30	-10	-40	75		
4247	1967	5	3	15	90	26	6		-20			75		
4247	1967	5	5	12	0	0	8		28	40	-10	95		
4247	1967	5	5	15	0	0	8		30			95		
4247	1967	5	6	12	50	26	8		30	50	10	88		
4247	1967	5	6	15	360	46	8		24			85		
4247	1967	5	8	12	180	10	2		12	50	0	94		
4247	1967	5	8	15	0	0	1		20			90		
4247	1967	5	9	12	40	10	9		0	20	-4	95		
4247	1967	5	9	15	0	0	9		0			95		
4247	1967	5	10	12	50	26	2		30	40	-1	90		
4247	1967	5	10	15	50	26	3		40			80		
4247	1967	5	11	12	360	46	8		40	60	25	95		
4247	1967	5	11	15	50	46	8		50			95		
4247	1967	5	12	12	50	10	8		30	50	10	95		
4247	1967	5	12	15	50	10	8		40			95		
4247	1967	5	13	12	180	26	8		40	60	30	95		
4247	1967	5	13	15	360	26	5		44			92		
4247	1967	5	14	12	360	26	8		40	60	30	95		
4247	1967	5	14	15	360	10	7		40			95		
4247	1967	5	17	12	70	26	5		40	50	20	95		
4247	1967	5	17	15	70	26	2		36			95		
4247	1967	5	18	12	90	10	2		90	100	36	46		
4247	1967	5	18	15	50	26	2		100			55		
4247	1967	5	19	12	140	10	4		50	110	40	85		
4247	1967	5	19	15	140	10	6		58			80		
4247	1967	5	20	12	180	26	7		10	58	-10	98		
4247	1967	5	20	15	180	46	0		20			96		
4247	1967	5	22	12	90	10	1		40	80	20	70		
4247	1967	5	22	15	220	10	1		40			70		
4247	1967	5	23	12	90	10	8		38	110	40	85		
4247	1967	5	23	15	220	10	3		62			80		
4247	1967	5	24	12	360	26	1		50	70	30	60		
4247	1967	5	24	15	360	10	1		76			40		
4247	1967	5	25	12	220	10	0		52	90	30	85		
4247	1967	5	25	15	220	46	0		40			95		
4247	1967	5	26	12	220	26	8		0	52	-20	98		
4247	1967	5	26	15	220	46	4		30			92		
4247	1967	5	27	12	180	10	0		30	40	-20	82		
4247	1967	5	27	15	220	26	0		40			75		
4247	1967	5	29	12	180	10	8		20	60	-10	96		
4247	1967	5	29	15	220	26	8		12			96		
4247	1967	5	30	12	180	10	7		12	30	-14	96		
4247	1967	5	30	15	220	26	6		30			95		
4247	1967	5	31	12	180	10	8		30	50	0	90		
4247	1967	5	31	15	90	10	8		46			86		
4247	1967	6	1	12	180	10	4		50	60	50	88		
4247	1967	6	1	15	180	10	8		60			90		
4247	1967	6	2	12	180	10	5		62	80	20	85		
4247	1967	6	2	15	220	26	5		50			94		
4247	1967	6	3	12	180	26	4		58	80	10	86		
4247	1967	6	3	15	180	10	5		60			90		
4247	1967	6	5	12	50	26	1		30	70	10	75		
4247	1967	6	5	15	50	10	0		60			70		
4247	1967	6	6	12	220	67	8		50	60	20	82		
4247	1967	6	6	15	220	67	8		32			86		
4247	1967	6	7	12	270	67	8		8	40	-10	96		
4247	1967	6	7	15	220	46	8		20			86		
4247	1967	6	8	12	50	26	4		20	50	-10	85		
4247	1967	6	8	15	90	26	2		42			65		
4247	1967	6	9	12	270	93	8		28	50	30	87		
4247	1967	6	9	15	270	46	7		39			70		
4247	1967	6	10	12	90	10	8		30	50	25	71		
4247	1967	6	10	15	90	10	8		32			70		
4247	1967	6	12	12	90	10	6		52	30	30	65		
4247	1967	6	12	15	180	10	3		76			60		
4247	1967	6	13	12	220	10	5		62	100	40	95		
4247	1967	6	13	15	220	46	3		72			86		
4247	1967	6	14	12	220	46	0		52	80	40	90		
4247	1967	6	14	15	220	67	0		70			90		
4247	1967	6	15	12	220	26	8		70	70	20	94		
4247	1967	6	15	15	220	26	8		50			75		
4247	1967	6	16	12	220	15	8		58	80	40	90		
4247	1967	6	16	15	220	26	4		62			85		
4247	1967	6	17	12	270	10	8		58	80	40	90		
4247	1967	6	17	15	220	10	7		70			84		
4247	1967	6	19	12	220	26	8		52	78	40	87		
4247	1967	6	19	15	220	10	7		60			90		
4247	1967	6	20	12	270	26	5		46	80	20	90		
4247	1967	6	20	15	220	26	4		50			88		
4247	1967	6	21	12	220	46	6		48	70	30	90		
4247	1967	6	21	15	220	26	1		56			90		
4247	1967	6	22	12	50	10	8		52	70	30	85		
4247	1967	6	22	15	50	26	8		62			84		
4247	1967	6	23	12	50	46	8		70	80	50	90		
4247	1967	6	23	15	230	26	8		80			86		
4247	1967	6	24	12	50	26	2		70	90	50	78		
4247	1967	6	24	15	50	26	8		60			84		
4247	1967	6	26	12	230	67	3		40	100	20	94		
4247	1967	6	26	15	230	67	4		50			90		
4247	1967	6	27	12	360	26	8		26	50	10	94		
4247	1967	6	27	15	220	46	7		42			95		
4247	1967	6	28	12	50	26	6		50	70	30	86		
4247	1967	6	28	15	90	10	8		64			82		
4247	1967	6	29	12	50	26	7		50	70	30	85		
4247	1967	6	29	15	330	46	7		70			70		
4247	1967	6	30	12	230	67	8		50	80	40	94		
4247	1967	6	30	15	230	67	8		60			88		
4247	1967	7	1	12	90	67	8		50	50	20	98		
4247	1967	7	1	15	50	10	8		56			100		
4247	1967	7	3	12	0	0	8		64	80	40	94		
4247	1967	7	3	15	180	10	8		60			96		
4247	1967	7	4	12	0	0	8		50	70	40	96		
4247	1967	7	4	15	0	0	8		60			98		
4247	1967	7	5	12	0	0	8		56	80	40	96		
4247	1967	7	5	15	230	10	6		64			95		
4247	1967	7	6	12	40	26	0		110	110	50	48		
4247	1967	7	6	15	230	10	0		80			90		
4247	1967	7	7	12	360	26	1		88	120	70	64		
4247	1967	7	7	15	90	26	2		120			46		
4247	1967	7	8	12	90	26	4		90	120	60	60		
4247	1967	7	8	15	0	0	0		98			65		
4247	1967	7	10	12	180	26	1		58	120	50	98		
4247	1967	7	10	15	230	46	1		66			95		
4247	1967	7	11	12	90	10	1		76	76	50	85		
4247	1967	7	11	15	230	10	1		82			84		
4247	1967	7	12	12	90	10	3		80	110	70	90		
4247	1967	7	12	15	230	10	4		88			86		
4247	1967	7	13	12	230	46	4		62	110	50	96		
4247	1967	7	13	15	230	46	5		70			95		
4247	1967	7	14	12	50	10	3		100	100	50	94		
4247	1967	7	14	15	0	0	2		102			85		
4247	1967	7	15	12	90	10	8		100	120	80	80		
4247	1967	7	15	15	0	0	8		100			88		
4247	1967	7	17	12	90	10	8		70	120	70	98		
4247	1967	7	17	15	90	26	8		66			98		
4247	1967	7	18	12	90	10	8		70	70	60	98		
4247	1967	7	18	15	230	10	7		70			98		
4247	1967	7	19	12	360	26	8		80	110	60	98		
4247	1967	7	19	15	50	26	7		80			98		
4247	1967	7	20	12	90	10	8		76	114	60	97		
4247	1967	7	20	15	90	26	8		80			98		
4247	1967	7	21	12	270	26	8		50	90	50	98		
4247	1967	7	21	15	90	10	7		70			98		
4247	1967	7	22	12	230	26	8		42	90	40	98		
4247	1967	7	22	15	230	26	8		50			96		
4247	1967	7	24	12	230	67	8		52	90	40	98		
4247	1967	7	24	15	230	46	8		50			98		
4247	1967	7	25	12	140	26	0		68	80	50	98		
4247	1967	7	25	15	140	10	0		82			97		
4247	1967	7	26	12	20	26	0		80	100	60	97		
4247	1967	7	26	15	50	26	0		120			70		
4247	1967	7	27	12	230	10	1		100	150	80	80		
4247	1967	7	27	15	230	10	1		102			86		
4247	1967	7	28	12	230	10	8		70	110	70	93		
4247	1967	7	28	15	230	10	8		62			95		
4247	1967	7	29	12	0	0	8		72	90	60	88		
4247	1967	7	29	15	180	10	8		80			85		
4247	1967	7	31	12	0	0	0		80	92	70	90		
4247	1967	7	31	15	0	0	0		106			75		
4247	1967	8	1	12	0	0	1		93	125	90	85		
4247	1967	8	1	15	230	10	1		101			86		
4247	1967	8	2	12	90	26	7		79	125	78	95		
4247	1967	8	2	15	270	10	8		90			90		
4247	1967	8	3	12	0	0	8		93	103	90	97		
4247	1967	8	3	15	90	10	8		90			97		
4247	1967	8	4	12	0	0	8		76	110	74	97		
4247	1967	8	4	15	270	10	8		82			95		
4247	1967	8	5	12	360	10	8		70	98	60	98		
4247	1967	8	5	15	90	10	2		82			98		
4247	1967	8	7	12	230	67	8		88	120	80	94		
4247	1967	8	7	15	230	46	8		89			96		
4247	1967	8	8	12	270	10	8		78	90	76	98		
4247	1967	8	8	15	330	26	8		80			98		
4247	1967	8	9	12	90	10	3		82	98	76	98		
4247	1967	8	9	15	90	10	2		94			97		
4247	1967	8	10	12	90	46	7		82	120	78	72		
4247	1967	8	10	15	360	10	8		84			70		
4247	1967	8	11	12	230	26	6		82	100	76	95		
4247	1967	8	11	15	230	46	7		80			96		
4247	1967	8	12	12	90	10	8		70	82	68	94		
4247	1967	8	12	15	230	10	5		82			86		
4247	1967	8	14	12	90	10	5		70	100	70	98		
4247	1967	8	14	15	90	10	8		72			98		
4247	1967	8	15	12	90	26	7		72	80	70	98		
4247	1967	8	15	15	360	26	8		90			98		
4247	1967	8	16	12	230	46	8		80	110	70	90		
4247	1967	8	16	15	0	0	8		92			90		
4247	1967	8	17	12	230	190	8		50	110	50	95		
4247	1967	8	17	15	230	154	8		54			94		
4247	1967	8	18	12	0	0	8		50	70	50	92		
4247	1967	8	18	15	230	26	4		60			85		
4247	1967	8	19	12	230	67	8		50	60	40	85		
4247	1967	8	19	15	230	67	7		50			90		
4247	1967	8	21	12	360	46	5		40	80	30	80		
4247	1967	8	21	15	360	26	4		50			72		
4247	1967	8	22	12	360	26	3		40	80	30	70		
4247	1967	8	23	12	360	26	3		52	80	30	65		
4247	1967	8	23	15	360	26	0		68			45		
4247	1967	8	24	12	230	46	0		40	70	10	98		
4247	1967	8	24	15	230	26	0		48			98		
4247	1967	8	25	12	360	10	0		50	80	20	92		
4247	1967	8	25	15	230	10	0		72			92		
4247	1967	8	26	12	360	46	0		64	88	50	66		
4247	1967	8	26	15	360	46	2		60			70		
4247	1967	8	28	12	320	46	8		60	80	20	90		
4247	1967	8	28	15	360	10	7		70			82		
4247	1967	8	29	12	50	26	8		72	82	54	85		
4247	1967	8	29	15	360	67	8		60			96		
4247	1967	8	30	12	360	10	6		62	80	52	95		
4247	1967	8	30	15	0	0	4		82			92		
4247	1967	8	31	12	230	67	8		52	90	32	92		
4247	1967	8	31	15	230	67	8		58			92		
4247	1967	9	1	12	50	26	8		56	70	42	98		
4247	1967	9	1	15	50	26	3		68			95		
4247	1967	9	2	12	230	46	7		42	68	32	90		
4247	1967	9	2	15	90	46	7		50			82		
4247	1967	9	4	12	50	10	8		48	70	40	92		
4247	1967	9	4	15	50	26	8		50			90		
4247	1967	9	5	12	360	10	4		72	98	46	86		
4247	1967	9	5	15	360	26	4		112			50		
4247	1967	9	6	12	230	10	5		64	120	54	78		
4247	1967	9	6	15	50	26	5		72			80		
4247	1967	9	7	12	90	10	8		60	91	52	97		
4247	1967	9	7	15	240	10	6		62			95		
4247	1967	9	8	12	0	0	8		60	73	60	97		
4247	1967	9	8	15	0	0	8		59			99		
4247	1967	9	9	12	0	0	8		60	69	58	99		
4247	1967	9	9	15	0	0	8		62			100		
4247	1967	9	11	12	270	46	8		18	75	16	81		
4247	1967	9	11	15	0	0	8		12			95		
4247	1967	9	12	12	270	67	8		20	20	10	86		
4247	1967	9	12	15	270	67	8		40			86		
4247	1967	9	13	12	50	26	5		20	40	10	88		
4247	1967	9	13	15	50	46	6		20			90		
4247	1967	9	14	12	90	67	2		-4	30	-14	58		
4247	1967	9	14	15	50	67	1		10			52		
4247	1967	9	15	12	360	46	0		-10	30	-20	60		
4247	1967	9	15	15	360	26	1		0			60		
4247	1967	9	16	12	360	46	1		-10	0	-20	82		
4247	1967	9	16	15	50	26	0		4			60		
4247	1967	9	18	12	230	123	8		50	70	-10	80		
4247	1967	9	18	15	230	93	8		42			90		
4247	1967	9	19	12	180	26	4		38	60	10	65		
4247	1967	9	19	15	50	26	4		42			78		
4247	1967	9	20	12	50	46	1		12	50	-10	98		
4247	1967	9	20	15	90	10	0		32			90		
4247	1967	9	21	12	90	46	8		40	60	12	90		
4247	1967	9	21	15	0	0	8		20			100		
4247	1967	9	22	12	230	123	8		50	80	20	96		
4247	1967	9	22	15	230	123	8		50			90		
4247	1967	9	23	12	230	93	8		10	50	0	80		
4247	1967	9	23	15	270	67	7		18			88		
4247	1967	9	25	12	360	10	8		30	50	10	100		
4247	1967	9	25	15	90	26	8		30			100		
4247	1967	9	26	12	270	10	0		10	30	4	98		
4247	1967	9	26	15	90	10	0		36			98		
4247	1967	9	27	12	50	26	6		30	50	10	98		
4247	1967	9	27	15	0	0	8		50			98		
4247	1967	9	28	12	90	26	8		20	70	20	100		
4247	1967	9	28	15	0	0	8		32			100		
4247	1967	9	29	12	230	67	8		-2	40	-2	98		
4247	1967	9	29	15	230	46	8		3			98		
4247	1967	9	30	12	360	46	3		10	30	-2	98		
4247	1967	9	30	15	50	67	0		6			52		
4247	1967	10	2	12	360	10	8		-10	40	-10	100		
4247	1967	10	2	15	230	67	6		10			94		
4247	1967	10	3	12	230	26	3		4	20	-14	75		
4247	1967	10	3	15	90	26	3		16			64		
4247	1967	10	4	12	50	46	5		-18	20	-18	90		
4247	1967	10	4	15	50	46	3		-10			68		
4247	1967	10	5	12	50	26	1		-18	-2	-38	80		
4247	1967	10	5	15	50	10	3		-12			78		
4247	1967	10	6	12	270	10	8		-4	0	-12	80		
4247	1967	10	6	15	0	0	8		0			98		
4247	1967	10	7	12	50	26	8		6	6	0	98		
4247	1967	10	7	15	50	10	8		2			98		
4247	1967	10	9	12	50	26	5		-18	20	-24	92		
4247	1967	10	9	15	50	10	2		-10			75		
4247	1967	10	10	12	0	0	8		-14	0	-18	90		
4247	1967	10	10	15	50	10	2		-12			90		
4247	1967	10	11	12	0	0	8		-34	-8	-40	80		
4247	1967	10	11	15	0	0	8		-30			80		
4247	1967	10	12	12	90	46	0		-40	-20	-50	70		
4247	1967	10	12	15	270	46	0		-40			65		
4247	1967	10	13	12	360	46	0		-50	-40	-54	58		
4247	1967	10	13	15	50	67	0		-50			60		
4247	1967	10	14	12	50	10	0		-50	-46	-56	72		
4247	1967	10	14	15	50	10	0		-48			68		
4247	1967	10	16	12	0	0	3		-40	-30	-52	90		
4247	1967	10	16	15	0	0	8		-30			92		
4247	1967	10	17	12	90	10	8		-22	-13	-40	95		
4247	1967	10	18	12	0	0	7		-22			90		
4247	1967	10	19	12	0	0	7		-3	20	-22	97		
4247	1967	10	19	15	0	0	8		4			93		
4247	1967	10	20	12	90	46	3		-2	50	-3	60		
4247	1967	10	20	15	90	67	6		-3			65		
4247	1967	10	21	12	180	67	8		63	75	-3	65		
4247	1967	10	21	15	70	46	8		40			90		
4247	1967	10	23	12	270	46	8		-3	70	-3	97		
4247	1967	10	24	12	90	26	0		-39	1	-39	79		
4247	1967	10	24	15	90	26	0		-38			74		
4247	1967	10	25	12	90	10	8		-50	-35	-51	76		
4247	1967	10	25	15	0	0	8		-46			75		
4247	1967	10	26	12	90	67	0		-68	-45	-68	55		
4247	1967	10	26	15	90	10	1		-63			46		
4247	1967	10	27	12	90	67	1		-83	-52	-85	45		
4247	1967	10	27	15	90	46	7		-65			45		
4247	1967	10	28	12	120	46	8		-32	-15	-65	99		
4247	1967	10	28	15	90	26	9		-23			99		
4247	1967	10	30	12	20	10	8		-40	10	-45	90		
4247	1967	10	30	15	20	26	8		-40			84		
4247	1967	10	31	12	90	67	0		-73	-35	-75	57		
4247	1967	11	1	12	90	26	7		-89	-70	-92	80		
4247	1967	11	1	15	90	26	6		-79			78		
4247	1967	11	2	12	90	46	6		-50	-50	-89	75		
4247	1967	11	2	15	90	15	7		-40			75		
4247	1967	11	3	12	0	0	8		-20	-16	-50	94		
4247	1967	11	3	15	90	15	8		-15			86		
4247	1967	11	4	12	90	26	8		-2	10	-20	74		
4247	1967	11	4	15	90	26	8		-12			73		
4247	1967	11	6	12	90	67	8		12	15	-35	75		
4247	1967	11	6	15	90	46	8		-21			70		
4247	1967	11	7	12	220	15	8		10	40	-21	89		
4247	1967	11	7	15	330	15	8		3			93		
4247	1967	11	8	12	200	26	5		-42	20	-45	97		
4247	1967	11	8	15	180	26	5		-40			85		
4247	1967	11	9	12	180	15	4		-39	-25	-45	65		
4247	1967	11	9	15	320	10	1		-39			62		
4247	1967	11	10	12	70	67	0		-72	-35	-75	65		
4247	1967	11	10	15	90	67	1		-75			65		
4247	1967	11	11	12	70	46	8		-39	-31	-75	52		
4247	1967	11	13	12	90	93	0		-50	-25	-55	65		
4247	1967	11	13	15	70	93	0		-50			62		
4247	1967	11	14	12	60	67	8		-2	5	-53	65		
4247	1967	11	14	15	90	67	8		3			69		
4247	1967	11	15	12	360	10	8		15	90	-2	97		
4247	1967	11	15	15	0	0	8		18			98		
4247	1967	11	16	12	290	93	8		-15	26	-15	95		
4247	1967	11	16	15	290	93	8		-18			95		
4247	1967	11	17	12	90	46	0		-40	-1	-44	52		
4247	1967	11	17	15	90	46	0		-52			54		
4247	1967	11	18	12	0	0	5		-55	-40	-58	78		
4247	1967	11	18	15	120	10	4		-38			75		
4247	1967	11	20	12	120	67	1		-80	-25	-83	64		
4247	1967	11	20	15	120	67	5		-80			56		
4247	1967	11	21	12	90	26	8		-35	-35	-82	96		
4247	1967	11	21	15	90	26	8		-23			96		
4247	1967	11	22	12	180	10	8		-15	10	-35	94		
4247	1967	11	22	15	270	46	8		-25			90		
4247	1967	11	23	12	270	67	8		-68	-15	-68	60		
4247	1967	11	23	15	220	46	8		-60			55		
4247	1967	11	24	12	200	46	8		-12	-5	-68	55		
4247	1967	11	24	15	200	93	8		-2			55		
4247	1967	11	25	12	80	46	8		2	6	-12	98		
4247	1967	11	25	15	80	46	8		3			99		
4247	1967	11	27	12	60	93	0		-110	5	-115	55		
4247	1967	11	27	15	60	46	1		-110			52		
4247	1967	11	28	12	40	26	1		-149	-107	-152	67		
4247	1967	11	28	15	90	10	1		-145			70		
4247	1967	11	29	12	90	46	1		-162	-141	-171	83		
4247	1967	11	29	15	80	46	0		-175			73		
4247	1967	11	30	12	90	10	5		-172	-155	-175	75		
4247	1967	11	30	15	90	10	1		-162			75		
4247	1967	12	1	12	200	46	8		-101	-95	-105	63		
4247	1967	12	1	15	200	26	6		-100			66		
4247	1967	12	2	12	90	67	1		-128	-95	-132	81		
4247	1967	12	2	15	90	26	1		-122			72		
4247	1967	12	4	12	90	67	1		-125	-95	-127	65		
4247	1967	12	4	15	120	93	1		-127			78		
4247	1967	12	5	12	50	67	8		-95	-87	-127	79		
4247	1967	12	5	15	90	46	7		-89			75		
4247	1967	12	6	12	90	46	1		-84	-70	-95	74		
4247	1967	12	6	15	90	26	5		-78			79		
4247	1967	12	7	12	30	26	8		-20	-20	-84	92		
4247	1967	12	7	15	40	46	8		-40			98		
4247	1967	12	8	12	20	26	8		12	25	-40	98		
4247	1967	12	8	15	70	10	8		81			55		
4247	1967	12	9	12	190	26	8		-14	95	-50	90		
4247	1967	12	9	15	220	46	8		-24			88		
4247	1967	12	11	12	90	26	1		-85			64		
4247	1967	12	11	15	90	26	0		-80			77		
4247	1967	12	12	12	90	46	7		-90	-78	-92	81		
4247	1967	12	12	15	90	46	7		-90			82		
4247	1967	12	13	12	90	26	7		-102	-75	-105	75		
4247	1967	12	13	15	90	46	1		-102			71		
4247	1967	12	14	12	90	67	5		-83	-75	-105	70		
4247	1967	12	14	15	90	67	7		-70			69		
4247	1967	12	15	12	90	26	8		-37	-35	-83	78		
4247	1967	12	15	15	90	15	5		-32			76		
4247	1967	12	16	12	50	26	8		25	32	-37	70		
4247	1967	12	16	15	0	0	5		30			70		
4247	1967	12	18	12	120	46	3		55	75	25	60		
4247	1967	12	18	15	90	10	2		69			55		
4247	1967	12	19	12	90	10	1		1	75	0	84		
4247	1967	12	19	15	90	10	3		-2			94		
4247	1967	12	20	12	90	26	0		14	25	-4	52		
4247	1967	12	20	15	70	67	0		5			51		
4247	1967	12	21	12	0	0	0		-27	25	-29	80		
4247	1967	12	21	15	90	10	0		-30			84		
4247	1967	12	22	12	0	0	7		-55	-20	-52	85		
4247	1967	12	22	15	90	10	7		-47			87		
4247	1967	12	23	12	320	67	9		2	72	-55	100		
4247	1967	12	23	15	200	123	8		4			58		
4247	1967	12	27	12	90	10	8		-35	45	-35	65		
4247	1967	12	27	15	90	26	8		-25			74		
4247	1967	12	28	12	270	93	8		-23	-19	-35	85		
4247	1967	12	28	15	20	26	9		-35			83		
4247	1967	12	29	12	360	154	9		-115	-19	-116	100		
4247	1967	12	29	15	360	26	8		-112			100		
4247	1967	12	30	12	360	93	9		-147	-106	-152	100		
4247	1967	12	30	15	360	26	8		-152			100		
4247	1968	1	2	12	100	93	6		-60	-60	-120	86		
4247	1968	1	2	15	100	123	4		-29			78		
4247	1968	1	3	12	110	10	2		-16	20	-60	55		
4247	1968	1	3	15	90	10	7		-18			57		
4247	1968	1	4	12	200	67	8		-12	0	-19	44		
4247	1968	1	4	15	200	67	8		-18			42		
4247	1968	1	5	12	90	93	0		-50	0	-51	50		
4247	1968	1	5	15	90	67	1		-57			48		
4247	1968	1	6	12	90	67	0		-42	-39	-59	67		
4247	1968	1	6	15	90	67	1		-42			70		
4247	1968	1	8	12	90	46	2		-23	-12	-45	63		
4247	1968	1	8	15	90	26	1		-22			62		
4247	1968	1	9	12	0	0	8		20	20	-25	47		
4247	1968	1	9	15	120	10	8		25			57		
4247	1968	1	10	12	180	67	8		60	65	15	42		
4247	1968	1	10	15	180	190	8		30			78		
4247	1968	1	11	12	0	0	8		9	65	5	60		
4247	1968	1	11	15	90	26	7		0			76		
4247	1968	1	12	12	90	46	0		-50	15	-55	72		
4247	1968	1	12	15	90	26	0		-60			70		
4247	1968	1	13	12	20	46	0		-10	-48	-60	70		
4247	1968	1	13	15	20	10	0		-112			70		
4247	1968	1	15	12	350	46	8		-98	-55	-112	80		
4247	1968	1	15	15	350	46	7		-90			80		
4247	1968	1	16	12	20	67	5		-84	-55	-98	70		
4247	1968	1	16	15	20	67	4		-82			74		
4247	1968	1	17	12	990	26	0		-96	-65	-96	70		
4247	1968	1	17	15	360	26	6		-100			67		
4247	1968	1	18	12	0	0	6		-104	-65	-104	78		
4247	1968	1	18	15	20	26	6		-100			90		
4247	1968	1	19	12	330	10	8		-90	-55	-104	92		
4247	1968	1	19	15	200	123	8		-64			78		
4247	1968	1	20	12	110	10	8		-84	-40	-90	86		
4247	1968	1	20	15	0	0	6		-80			78		
4247	1968	1	22	12	20	67	8		-60	-45	-84	85		
4247	1968	1	22	15	20	46	8		-30			62		
4247	1968	1	23	12	210	334	8		-28	-10	-60	100		
4247	1968	1	23	15	320	46	8		-10			100		
4247	1968	1	24	12	200	46	8		-84	65	-84	80		
4247	1968	1	24	15	270	93	8		-72			85		
4247	1968	1	25	12	90	26	8		-72	-69	-84	70		
4247	1968	1	25	15	90	46	6		-75			85		
4247	1968	1	26	12	300	93	8		-62	-58	-75	88		
4247	1968	1	26	15	310	93	8		-68			75		
4247	1968	1	27	12	40	26	8		-57	-35	-70	92		
4247	1968	1	27	15	40	26	8		-58			87		
4247	1968	1	29	12	60	26	7		-192	-35	-195	80		
4247	1968	1	29	15	60	26	7		-193			80		
4247	1968	1	30	12	90	46	6		-198	-190	-215	95		
4247	1968	1	30	15	90	67	5		-182			92		
4247	1968	1	31	12	110	93	8		-110	-105	-198	91		
4247	1968	1	31	15	0	0	8		-76			75		
4247	1968	2	1	12	300	10	8		-113	-110	-115	94		
4247	1968	2	1	15	220	26	8		-104			92		
4247	1968	2	2	12	300	123	8		-100	-55	-112	80		
4247	1968	2	2	15	300	123	8		-113			82		
4247	1968	2	3	12	200	26	8		-145	-90	-150	71		
4247	1968	2	3	15	90	46	6		-143			74		
4247	1968	2	5	12	270	268	8		-75	-25	-150	100		
4247	1968	2	5	15	270	190	8		-72			100		
4247	1968	2	6	12	90	67	1		-78	-10	-90	85		
4247	1968	2	6	15	90	67	1		-85			86		
4247	1968	2	7	12	0	0	8		-40	-32	-87	85		
4247	1968	2	7	15	90	46	8		-33			85		
4247	1968	2	8	12	0	0	8		0	4	-45	100		
4247	1968	2	8	15	90	10	8		0			100		
4247	1968	2	9	12	270	190	8		-30	25	-34	88		
4247	1968	2	9	15	270	190	8		-30			82		
4247	1968	2	10	12	40	10	8		-51	-20	-52	98		
4247	1968	2	10	15	80	10	8		-50			98		
4247	1968	2	12	12	290	123	8		0	22	-52	100		
4247	1968	2	12	15	290	154	8		1			100		
4247	1968	2	13	12	30	26	8		-5	25	-30	100		
4247	1968	2	13	15	30	10	8		-89			100		
4247	1968	2	14	12	90	26	7		-30	-29	-91	100		
4247	1968	2	14	15	90	10	8		-29			100		
4247	1968	2	15	12	90	10	8		-2	10	-32	100		
4247	1968	2	15	15	90	26	8		-10			97		
4247	1968	2	16	12	30	46	6		30	70	-15	65		
4247	1968	2	16	15	180	26	7		61			42		
4247	1968	2	17	12	0	0	8		-1	85	-10	85		
4247	1968	2	17	15	90	26	8		-5			85		
4247	1968	2	19	12	0	0	7		28	105	-5	75		
4247	1968	2	19	15	180	10	4		30			79		
4247	1968	2	23	12	180	10	8		-28	95	-32	100		
4247	1968	2	23	15	180	67	7		-21			42		
4247	1968	2	24	12	90	26	1		-55	-10	-60	55		
4247	1968	2	24	15	90	26	5		-56			60		
4247	1968	2	26	12	310	26	8		-65	-44	-70	80		
4247	1968	2	26	15	270	46	7		-72			72		
4247	1968	2	27	12	360	67	8		-170	-65	-183	100		
4247	1968	2	27	15	360	93	8		-172			100		
4247	1968	2	28	12	210	26	8		-164	-160	-184	65		
4247	1968	2	28	15	210	46	8		-155			69		
4247	1968	2	29	12	200	93	8		-142	-125	-167	90		
4247	1968	2	29	15	200	93	8		-149			93		
4247	1968	3	1	12	200	46	8		-80	-39	-100	100		
4247	1968	3	1	15	290	46	8		-76			100		
4247	1968	3	2	12	180	26	4		-165	-65	-170	70		
4247	1968	3	2	15	90	10	4		-155			85		
4247	1968	3	4	12	0	0	8		-23	-15	-167	100		
4247	1968	3	4	15	0	0	8		-4			100		
4247	1968	3	5	12	0	0	8		-6	25	-7	99		
4247	1968	3	5	15	30	26	8		-11			100		
4247	1968	3	6	12	270	26	8		-30	31	-35	98		
4247	1968	3	6	15	0	0	9		-32			100		
4247	1968	3	7	12	90	26	8		-65	10	-67	100		
4247	1968	3	7	15	270	226	8		-75			100		
4247	1968	3	8	12	90	26	8		-47	-15	-82	97		
4247	1968	3	8	15	0	0	9		-50			100		
4247	1968	3	9	12	100	26	9		-44	-40	-52	100		
4247	1968	3	11	12	270	93	8		-57	20	-70	86		
4247	1968	3	11	15	270	67	8		-58			86		
4247	1968	3	12	12	0	0	8		-65	-50	-80	87		
4247	1968	3	12	15	90	26	7		-56			84		
4247	1968	3	13	12	0	0	9		-75	-55	-80	95		
4247	1968	3	13	15	270	26	8		-80			85		
4247	1968	3	14	12	180	26	2		-110	-60	-112	57		
4247	1968	3	14	15	190	26	5		-100			50		
4247	1968	3	15	12	180	10	8		-100	-82	-105	55		
4247	1968	3	15	15	180	10	8		-90			65		
4247	1968	3	16	12	320	67	8		-125	-85	-135	97		
4247	1968	3	16	15	360	93	8		-130			85		
4247	1968	3	18	12	90	26	6		-157	-90	-166	95		
4247	1968	3	18	15	90	26	4		-163			80		
4247	1968	3	19	12	90	26	6		-163	-150	-167	90		
4247	1968	3	19	15	90	10	7		-157			93		
4247	1968	3	20	12	360	67	8		-176	-149	-185	95		
4247	1968	3	20	15	360	93	7		-175			95		
4247	1968	3	21	12	90	10	5		-165	-151	-188	95		
4247	1968	3	21	15	90	10	5		-173			95		
4247	1968	3	22	12	320	26	4		-165	-135	-179	91		
4247	1968	3	22	15	20	10	5		-181			91		
4247	1968	3	23	12	20	10	6		-181	-145	-181	93		
4247	1968	3	23	15	320	67	7		-172			91		
4247	1968	3	25	12	20	26	8		-124	-104	-181	83		
4247	1968	3	25	15	70	10	8		-112			86		
4247	1968	3	26	12	320	26	3		-122	-106	-146	90		
4247	1968	3	26	15	360	10	3		-120			76		
4247	1968	3	27	12	90	67	0		-150	-99	-160	88		
4247	1968	3	27	15	40	46	0		-146			85		
4247	1968	3	28	12	90	46	0		-155	-102	-165	87		
4247	1968	3	28	15	90	26	0		-145			78		
4247	1968	3	29	12	90	46	0		-143	-130	-159	83		
4247	1968	3	29	15	90	26	0		-126			75		
4247	1968	3	30	12	90	10	0		-80	-79	-143	75		
4247	1968	3	30	15	90	10	1		-72			78		
4247	1968	4	1	12	90	10	8		-59	-36	-65	86		
4247	1968	4	1	15	270	10	8		-30			75		
4247	1968	4	2	12	0	0	8		-19	-17	-59	82		
4247	1968	4	2	15	0	0	2		-18			75		
4247	1968	4	3	12	90	10	5		-44	6	-52	88		
4247	1968	4	3	15	0	0	8		-30			87		
4247	1968	4	4	12	90	26	0		-4	5	-44	75		
4247	1968	4	4	15	220	10	0		2			70		
4247	1968	4	5	12	0	0	8		-1	30	-11	86		
4247	1968	4	5	15	0	0	6		-1			87		
4247	1968	4	6	12	0	0	7		-4	25	-12	88		
4247	1968	4	6	15	0	0	5		-4			80		
4247	1968	4	8	12	90	10	7		21	45	-5	72		
4247	1968	4	8	15	0	0	8		29			75		
4247	1968	4	9	12	0	0	0		-12	45	-15	87		
4247	1968	4	9	15	90	10	0		0			87		
4247	1968	4	10	12	90	10	0		-28	65	-29	80		
4247	1968	4	10	15	90	10	0		-20			71		
4247	1968	4	13	12	40	10	8		-50	15	-50	89		
4247	1968	4	13	15	90	10	5		-38			88		
4247	1968	4	16	12	90	26	8		-25	2	-50	70		
4247	1968	4	16	15	90	10	4		-4			65		
4247	1968	4	17	12	90	67	8		20	35	-25	68		
4247	1968	4	17	15	270	93	8		15			70		
4247	1968	4	18	12	90	26	8		-40	35	-42	89		
4247	1968	4	18	15	90	26	1		-29			89		
4247	1968	4	19	12	0	0	8		-19	-17	-40	89		
4247	1968	4	19	15	0	0	8		-20			90		
4247	1968	4	20	12	240	46	6		-35	10	-38	89		
4247	1968	4	20	15	270	26	3		-32			89		
4247	1968	4	22	12	90	46	8		-37	-10	-39	81		
4247	1968	4	22	15	50	67	4		-32			81		
4247	1968	4	23	12	50	67	0		-70	-30	-75	74		
4247	1968	4	23	15	50	46	0		-72			76		
4247	1968	4	24	12	90	10	8		-55	-1	-75	86		
4247	1968	4	24	15	90	10	9		-51			87		
4247	1968	4	25	12	0	0	9		-11	-10	-55	90		
4247	1968	4	25	15	0	0	9		-10			90		
4247	1968	4	26	12	270	93	8		-45	-5	-49	78		
4247	1968	4	26	15	270	93	5		-35			79		
4247	1968	4	27	12	90	67	4		-30	-10	-45	69		
4247	1968	4	29	12	0	0	8		5	21	-30	90		
4247	1968	4	29	15	0	0	8		15			90		
4247	1968	4	30	12	90	26	8		22	40	5	90		
4247	1968	4	30	15	90	10	8		30			89		
4247	1968	5	1	12	0	0	8		15	31	12	90		
4247	1968	5	1	15	0	0	8		17			89		
4247	1968	5	2	12	90	10	8		5	32	0	90		
4247	1968	5	2	15	0	0	8		15			89		
4247	1968	5	3	12	40	67	7		20	31	12	89		
4247	1968	5	3	15	90	26	6		27			89		
4247	1968	5	4	12	0	0	8		29	50	20	89		
4247	1968	5	4	15	90	10	8		29			90		
4247	1968	5	6	12	270	10	8		22	55	20	90		
4247	1968	5	6	15	0	0	8		28			89		
4247	1968	5	7	12	90	10	7		30	40	22	89		
4247	1968	5	7	15	0	0	8		36			89		
4247	1968	5	8	12	220	10	8		5	50	2	90		
4247	1968	5	8	15	270	26	8		1			90		
4247	1968	5	9	12	0	0	8		-1	10	-2	89		
4247	1968	5	9	15	0	0	8		10			89		
4247	1968	5	11	12	90	10	8		33	40	-2	90		
4247	1968	5	11	15	0	0	8		31			89		
4247	1968	5	13	12	90	10	8		40	55	31	89		
4247	1968	5	13	15	360	26	8		50			88		
4247	1968	5	14	12	40	10	8		21	52	19	90		
4247	1968	5	14	15	0	0	6		40			89		
4247	1968	5	15	12	0	0	1		26	50	26	89		
4247	1968	5	15	15	90	10	0		35			88		
4247	1968	5	16	12	90	67	0		30	55	26	88		
4247	1968	5	16	15	90	10	0		38			88		
4247	1968	5	17	12	0	0	1		55	65	30	72		
4247	1968	5	17	15	0	0	2		60			70		
4247	1968	5	18	12	0	0	0		62	90	55	80		
4247	1968	5	18	15	0	0	1		85			72		
4247	1968	5	20	12	0	0	0		60	110	58	81		
4247	1968	5	20	15	0	0	0		84			72		
4247	1968	5	21	12	270	10	1		60	100	55	82		
4247	1968	5	21	15	270	46	1		43			89		
4247	1968	5	22	12	0	0	9		16	60	15	98		
4247	1968	5	22	15	270	10	7		25			96		
4247	1968	5	24	12	0	0	6		60	73	20	82		
4247	1968	5	24	15	0	0	7		60			84		
4247	1968	5	25	12	270	67	8		19	70	15	85		
4247	1968	5	27	12	0	0	1		56	65	15	80		
4247	1968	5	27	15	270	10	1		57			83		
4247	1968	5	28	12	270	93	8		15	70	12	90		
4247	1968	5	28	15	270	93	8		18			85		
4247	1968	5	29	12	270	46	7		10	20	5	79		
4247	1968	5	29	15	270	10	8		19			74		
4247	1968	5	30	12	90	26	4		22	33	10	80		
4247	1968	5	30	15	0	0	2		61			68		
4247	1968	5	31	12	0	0	7		45	91	20	89		
4247	1968	5	31	15	270	10	5		50			86		
4247	1968	6	1	12	60	10	8		20	50	15	90		
4247	1968	6	1	15	0	0	8		28			86		
4247	1968	6	4	12	0	0	8		9	45	4	89		
4247	1968	6	4	15	0	0	8		20			82		
4247	1968	6	5	12	0	0	8		2	24	0	91		
4247	1968	6	5	15	0	0	8		15			85		
4247	1968	6	6	12	90	10	1		42	49	2	84		
4247	1968	6	6	15	270	10	1		50			80		
4247	1968	6	7	12	70	26	1		70	80	42	65		
4247	1968	6	7	15	90	10	0		104			47		
4247	1968	6	8	12	70	46	0		70	110	68	63		
4247	1968	6	8	15	90	10	0		80			59		
4247	1968	6	10	12	270	67	7		22	100	20	99		
4247	1968	6	10	15	270	67	2		38			91		
4247	1968	6	11	12	0	0	9		22	55	20	99		
4247	1968	6	11	15	270	26	8		22			99		
4247	1968	6	12	12	270	26	8		19	70	18	91		
4247	1968	6	12	15	270	46	8		24			90		
4247	1968	6	13	12	90	10	7		35	35	19	80		
4247	1968	6	13	15	270	10	8		31			83		
4247	1968	6	14	12	0	0	2		52	55	30	81		
4247	1968	6	14	15	270	26	1		41			89		
4247	1968	6	15	12	0	0	5		70	85	39	77		
4247	1968	6	15	15	0	0	8		80			70		
4247	1968	6	17	12	0	0	6		80	135	70	69		
4247	1968	6	17	15	250	46	7		88			63		
4247	1968	6	18	12	0	0	8		63	115	60	75		
4247	1968	6	18	15	270	46	7		62			79		
4247	1968	6	21	12	0	0	0		100	135	60	65		
4247	1968	6	21	15	270	10	0		100			79		
4247	1968	6	22	12	0	0	0		99	125	96	66		
4247	1968	6	22	15	270	10	0		90			80		
4247	1968	6	24	12	270	26	8		40	120	38	91		
4247	1968	6	24	15	270	10	7		45			87		
4247	1968	6	25	12	270	10	8		39	70	35	88		
4247	1968	6	25	15	0	0	6		45			82		
4247	1968	6	26	12	0	0	5		49	70	39	83		
4247	1968	6	26	15	270	26	1		52			84		
4247	1968	6	27	12	270	26	4		37	75	34	82		
4247	1968	6	27	15	270	10	3		51			76		
4247	1968	6	28	12	0	0	9		50	66	37	90		
4247	1968	6	28	15	90	10	9		54			89		
4247	1968	6	29	12	90	10	8		55	65	50	97		
4247	1968	6	29	15	90	10	9		53			98		
4247	1968	7	1	12	90	10	5		65	95	60	87		
4247	1968	7	1	15	70	10	5		78			82		
4247	1968	7	2	12	270	10	7		60	105	57	85		
4247	1968	7	2	15	270	26	8		72			81		
4247	1968	7	3	12	320	10	8		80	105	60	79		
4247	1968	7	3	15	0	0	8		102			75		
4247	1968	7	4	12	90	10	8		80	105	75	98		
4247	1968	7	4	15	0	0	4		115			85		
4247	1968	7	5	12	0	0	7		90	145	80	99		
4247	1968	7	5	15	0	0	2		107			81		
4247	1968	7	6	12	0	0	0		90	145	85	75		
4247	1968	7	6	15	0	0	0		96			75		
4247	1968	7	8	12	0	0	8		72	125	70	99		
4247	1968	7	8	15	0	0	7		89			92		
4247	1968	7	9	12	0	0	8		71	100	70	99		
4247	1968	7	9	15	0	0	8		75			99		
4247	1968	7	10	12	0	0	2		90	95	70	85		
4247	1968	7	10	15	0	0	1		106			75		
4247	1968	7	11	12	0	0	9		80	145	75	79		
4247	1968	7	11	15	0	0	9		76			99		
4247	1968	7	12	12	0	0	9		66	95	62	99		
4247	1968	7	12	15	90	10	9		83			99		
4247	1968	7	13	12	0	0	9		67	95	65	100		
4247	1968	7	13	15	90	10	9		69			100		
4247	1968	7	15	12	90	10	8		70	105	65	85		
4247	1968	7	15	15	210	67	9		119			62		
4247	1968	7	16	12	130	10	8		76	130	70	79		
4247	1968	7	16	15	90	10	8		80			78		
4247	1968	7	17	12	0	0	2		80	110	75	85		
4247	1968	7	17	15	0	0	1		75			85		
4247	1968	7	18	12	0	0	8		62	95	56	99		
4247	1968	7	18	15	0	0	6		70			98		
4247	1968	7	19	12	0	0	1		80	100	62	90		
4247	1968	7	19	15	90	10	3		120			76		
4247	1968	7	20	12	0	0	4		92	150	80	75		
4247	1968	7	20	15	270	26	7		85			89		
4247	1968	7	22	12	0	0	8		70	115	65	89		
4247	1968	7	22	15	270	26	9		72			90		
4247	1968	7	23	12	90	10	1		72	80	66	87		
4247	1968	7	23	15	0	0	0		90			82		
4247	1968	7	24	12	0	0	0		90	105	72	80		
4247	1968	7	24	15	0	0	1		95			82		
4247	1968	7	25	12	0	0	1		83	102	83	80		
4247	1968	7	25	15	270	10	1		85			86		
4247	1968	7	26	12	0	0	9		100	105	80	99		
4247	1968	7	26	15	270	10	7		54			99		
4247	1968	7	27	12	0	0	1		90	115	50	81		
4247	1968	7	27	15	0	0	4		95			85		
4247	1968	7	29	12	90	26	9		65	120	60	90		
4247	1968	7	29	15	20	26	5		84			84		
4247	1968	7	30	12	270	10	9		87	130	65	97		
4247	1968	8	7	12	90	10	8		50	105	49	97		
4247	1968	8	7	15	0	0	8		60			84		
4247	1968	8	8	12	0	0	8		55	68	50	99		
4247	1968	8	8	15	0	0	9		60			99		
4247	1968	8	9	12	0	0	8		61	90	55	99		
4247	1968	8	9	15	90	10	7		60			100		
4247	1968	8	10	12	0	0	5		70	90	57	99		
4247	1968	8	10	15	90	10	7		70			95		
4247	1968	8	12	12	0	0	8		88	170	65	64		
4247	1968	8	12	15	90	10	7		105			61		
4247	1968	8	13	12	0	0	2		69	125	65	86		
4247	1968	8	13	15	0	0	4		78			90		
4247	1968	8	14	12	270	10	1		65	105	60	95		
4247	1968	8	14	15	270	10	1		79			91		
4247	1968	8	15	12	90	10	0		80	90	65	81		
4247	1968	8	15	15	0	0	0		95			75		
4247	1968	8	16	12	0	0	9		40	110	35	99		
4247	1968	8	16	15	270	10	9		42			100		
4247	1968	8	17	12	0	0	9		35	50	32	99		
4247	1968	8	21	12	0	0	9		30	80	30	99		
4247	1968	8	21	15	0	0	9		39			99		
4247	1968	8	22	12	270	67	8		40	67	30	89		
4247	1968	8	22	15	270	46	8		45			86		
4247	1968	8	23	12	0	0	4		50	51	40	81		
4247	1968	8	23	15	90	10	6		52			84		
4247	1968	8	24	12	90	26	0		50	70	45	80		
4247	1968	8	24	15	90	10	0		52			80		
4247	1968	8	26	12	270	15	8		40	90	38	85		
4247	1968	8	26	15	270	26	8		47			85		
4247	1968	8	27	12	90	46	8		51	60	40	88		
4247	1968	8	27	15	90	10	7		65			82		
4247	1968	8	28	12	0	0	8		60	78	55	85		
4247	1968	8	28	15	90	10	7		70			79		
4247	1968	8	29	12	90	26	1		50	80	46	82		
4247	1968	8	29	15	90	10	2		56			84		
4247	1968	8	30	15	70	10	9		45	75	42	99		
4247	1968	9	3	12	90	10	1		42	90	40	72		
4247	1968	9	3	15	0	0	1		52			76		
4247	1968	9	4	12	90	10	8		20	65	15	99		
4247	1968	9	4	15	90	10	4		25			92		
4247	1968	9	5	12	90	26	1		27	30	20	60		
4247	1968	9	5	15	90	67	0		48			49		
4247	1968	9	6	12	90	10	0		34	67	31	69		
4247	1968	9	6	15	0	0	1		60			60		
4247	1968	9	7	12	0	0	7		40	64	35	80		
4247	1968	9	7	15	0	0	7		85			66		
4247	1968	9	9	12	0	0	8		50	100	48	85		
4247	1968	9	9	15	0	0	8		62			81		
4247	1968	9	10	12	90	10	7		51	80	45	99		
4247	1968	9	10	15	0	0	6		59			96		
4247	1968	9	11	12	90	26	7		36	80	32	99		
4247	1968	9	11	15	90	10	7		40			99		
4247	1968	9	12	12	0	0	1		40	65	35	80		
4247	1968	9	12	15	270	46	1		35			97		
4247	1968	9	13	12	0	0	5		60	76	30	85		
4247	1968	9	13	15	270	10	5		50			92		
4247	1968	9	14	12	80	10	0		48	79	43	90		
4247	1968	9	14	15	90	10	1		60			82		
4247	1968	9	16	12	270	26	8		25	90	20	99		
4247	1968	9	16	15	270	10	6		31			99		
4247	1968	9	17	12	0	0	9		15	45	10	100		
4247	1968	9	17	15	0	0	9		20			99		
4247	1968	9	18	12	0	0	7		21	25	15	99		
4247	1968	9	18	15	0	0	7		37			90		
4247	1968	9	19	12	0	0	9		50	59	21	100		
4247	1968	9	19	15	0	0	9		40			100		
4247	1968	9	20	12	250	10	8		38	55	32	99		
4247	1968	9	20	15	270	10	8		40			99		
4247	1968	9	21	12	270	67	8		30	50	21	92		
4247	1968	9	21	15	270	67	8		32			90		
4247	1968	9	23	12	90	26	8		21	45	18	63		
4247	1968	9	23	15	90	10	7		40			60		
4247	1968	9	24	12	90	26	6		50	70	21	46		
4247	1968	9	24	15	90	10	5		60			45		
4247	1968	9	25	12	0	0	0		27	82	25	70		
4247	1968	9	25	15	0	0	0		45			80		
4247	1968	9	26	12	0	0	9		-12	60	-15	99		
4247	1968	9	26	15	0	0	7		5			96		
4247	1968	10	1	12	0	0	1		-5	39	-9	78		
4247	1968	10	1	15	90	26	1		12			74		
4247	1968	10	2	12	0	0	3		2	25	-5	80		
4247	1968	10	2	15	0	0	5		10			69		
4247	1968	10	3	12	90	26	4		13	25	5	68		
4247	1968	10	3	15	90	46	4		25			64		
4247	1968	10	4	12	0	0	1		10	30	5	68		
4247	1968	10	4	15	90	46	6		12			69		
4247	1968	10	5	12	90	10	4		20	40	10	70		
4247	1968	10	5	15	90	26	2		45			63		
4247	1968	10	7	12	0	0	6		5	50	0	79		
4247	1968	10	7	15	90	10	6		15			77		
4247	1968	10	8	12	0	0	0		0	40	-10	86		
4247	1968	10	8	15	230	10	0		15			82		
4247	1968	10	9	12	0	0	9		-10	28	-15	99		
4247	1968	10	9	15	90	46	9		-9			96		
4247	1968	10	10	12	90	10	9		-28	5	-30	96		
4247	1968	10	10	15	0	0	9		-32			98		
4247	1968	10	11	12	0	0	9		-52	-20	-57	99		
4247	1968	10	11	15	0	0	9		-49			99		
4247	1968	10	12	12	90	10	0		-17	-15	-53	63		
4247	1968	10	12	15	90	26	0		-21			77		
4247	1968	10	14	12	90	46	2		-38	5	-43	69		
4247	1968	10	14	15	90	10	4		-31			66		
4247	1968	10	15	12	90	67	8		-22	-18	-38	70		
4247	1968	10	15	15	90	46	8		-12			70		
4247	1968	10	16	12	0	0	8		15	60	-22	95		
4247	1968	10	16	15	270	10	8		12			99		
4247	1968	10	17	12	90	10	4		5	42	-9	88		
4247	1968	10	17	15	90	10	3		25			80		
4247	1968	10	18	12	0	0	1		-15	30	-18	90		
4247	1968	10	18	15	90	10	3		-10			90		
4247	1968	10	19	12	90	10	4		-30	12	-35	92		
4247	1968	10	19	15	90	93	3		-29			83		
4247	1968	10	21	12	0	0	8		-24	2	-34	91		
4247	1968	10	21	15	0	0	7		-12			89		
4247	1968	10	22	12	90	46	8		-1	3	-25	90		
4247	1968	10	22	15	90	26	8		6			89		
4247	1968	10	23	12	0	0	9		10	23	-3	99		
4247	1968	10	23	15	0	0	9		9			99		
4247	1968	10	24	12	90	10	9		2	15	-7	100		
4247	1968	10	24	15	90	26	9		-2			100		
4247	1968	10	25	12	90	67	1		-30	5	-34	75		
4247	1968	10	25	15	90	46	1		-24			75		
4247	1968	10	26	12	90	26	0		-40	-20	-47	83		
4247	1968	10	26	15	90	46	0		-30			79		
4247	1968	10	28	12	130	10	8		-22	-17	-42	75		
4247	1968	10	28	15	90	46	8		-15			73		
4247	1968	10	29	12	0	0	6		-22	-5	-25	86		
4247	1968	10	29	15	90	10	1		-12			84		
4247	1968	10	30	12	90	10	7		-21	0	-29	76		
4247	1968	10	30	15	90	26	7		-17			79		
4247	1968	10	31	12	90	10	2		-20	-10	-31	80		
4247	1968	10	31	15	0	0	1		0			74		
4247	1968	11	1	12	90	46	7		-19	0	-25	80		
4247	1968	11	1	15	90	67	7		-15			78		
4247	1968	11	2	12	90	26	0		-29	-5	-35	81		
4247	1968	11	2	15	90	46	0		-20			79		
4247	1968	11	4	12	90	46	1		-30	15	-35	81		
4247	1968	11	4	15	90	10	1		-25			78		
4247	1968	11	5	12	90	10	0		-43	-16	-52	81		
4247	1968	11	5	15	90	10	0		-40			80		
4247	1968	11	6	12	90	46	0		-60	-35	-67	80		
4247	1968	11	6	15	90	10	0		-51			75		
4247	1968	11	7	12	90	10	2		-59	-30	-67	80		
4247	1968	11	7	15	0	0	1		-40			80		
4247	1968	11	8	12	90	10	0		-52	-22	-65	82		
4247	1968	11	8	15	90	10	0		-50			82		
4247	1968	11	9	12	90	10	4		-78	-45	-83	85		
4247	1968	11	9	15	90	10	1		-65			84		
4247	1968	11	11	12	90	67	5		-70	-35	-80	84		
4247	1968	11	11	15	90	26	7		-69			82		
4247	1968	11	12	12	90	46	0		-100	-63	-105	79		
4247	1968	11	12	15	90	26	0		-89			76		
4247	1968	11	13	12	90	26	0		-97	-70	-105	80		
4247	1968	11	13	15	90	26	0		-93			76		
4247	1968	11	14	12	90	67	0		-95	-75	-107	81		
4247	1968	11	14	15	70	93	0		-97			80		
4247	1968	11	15	12	90	46	1		-100	-70	-115	78		
4247	1968	11	15	15	90	46	1		-89			72		
4247	1968	11	16	12	90	67	6		-88	-75	-108	80		
4247	1968	11	16	15	90	46	7		-80			67		
4247	1968	11	18	12	90	46	8		-12	-5	-95	82		
4247	1968	11	18	15	90	26	9		-8			80		
4247	1968	11	19	12	0	0	1		-45	-4	-50	81		
4247	1968	11	19	15	90	10	1		-40			84		
4247	1968	11	20	12	90	67	1		-70	-30	-81	89		
4247	1968	11	20	15	90	93	1		-65			85		
4247	1968	11	21	12	90	26	9		10	20	-78	60		
4247	1968	11	21	15	90	10	9		32			56		
4247	1968	11	22	12	70	26	7		0	75	-5	61		
4247	1968	11	22	15	90	10	8		0			62		
4247	1968	11	23	12	270	46	5		-10	4	-15	82		
4247	1968	11	23	15	50	26	9		-18			80		
4247	1968	11	25	12	70	93	0		-90	-6	-95	72		
4247	1968	11	25	15	70	93	0		-93			65		
4247	1968	11	26	12	90	26	1		-116	-85	-122	80		
4247	1968	11	26	15	90	46	1		-113			80		
4247	1968	11	27	12	130	46	9		-17	-12	-122	84		
4247	1968	11	27	15	130	26	8		15			90		
4247	1968	11	28	12	180	93	8		63	115	-20	42		
4247	1968	11	28	15	270	123	8		10			74		
4247	1968	11	29	12	180	67	1		-1	65	-12	51		
4247	1968	11	29	15	180	46	3		-1			46		
4247	1968	11	30	12	180	67	3		-26	10	-27	51		
4247	1968	11	30	15	180	93	3		-26			53		
4247	1968	12	2	12	90	46	8		-45	-20	-52	91		
4247	1968	12	2	15	90	26	7		-43			95		
4247	1968	12	3	12	0	0	8		-35	-35	-50	95		
4247	1968	12	3	15	0	0	8		-30			95		
4247	1968	12	4	12	90	10	9		-38	-15	-45	100		
4247	1968	12	4	15	90	10	7		-39			98		
4247	1968	12	9	12	90	10	9		-75	-15	-86	98		
4247	1968	12	9	15	90	10	9		-75			94		
4247	1968	12	10	12	90	26	7		-90	-60	-102	88		
4247	1968	12	10	15	90	10	7		-87			84		
4247	1968	12	11	12	90	10	8		-84	-70	-91	95		
4247	1968	12	11	15	90	26	9		-81			97		
4247	1968	12	12	12	230	46	5		-82	-40	-85	77		
4247	1968	12	12	15	20	26	4		-90			87		
4247	1968	12	13	12	90	10	8		-112	-80	-116	86		
4247	1968	12	13	15	90	10	9		-113			88		
4247	1968	12	14	12	90	67	1		-116	-105	-119	91		
4247	1968	12	14	15	90	10	3		-102			85		
4247	1968	12	16	12	70	26	9		-100	-88	-119	92		
4247	1968	12	16	15	90	26	9		-95			95		
4247	1968	12	17	12	90	93	1		-106	-80	-110	95		
4247	1968	12	17	15	90	123	1		-110			98		
4247	1968	12	18	12	90	10	6		-70	-70	-117	90		
4247	1968	12	18	15	90	10	8		-62			86		
4247	1968	12	19	12	310	46	6		-52	-35	-83	79		
4247	1968	12	19	15	90	10	7		-68			92		
4247	1968	12	20	12	90	67	1		-116	-51	-118	87		
4247	1968	12	20	15	90	67	1		-116			84		
4247	1968	12	21	12	90	46	7		-125	-110	-136	88		
4247	1968	12	21	15	90	46	4		-126			85		
4247	1968	12	23	12	90	46	7		-112	-110	-135	90		
4247	1968	12	23	15	90	26	8		-105			90		
4247	1968	12	26	12	90	67	1		2	15	-124	72		
4247	1968	12	26	15	110	93	4		2			68		
4247	1968	12	27	12	90	46	7		34	40	-15	78		
4247	1968	12	27	15	90	67	6		40			75		
4247	1968	12	28	12	90	26	6		30	75	20	86		
4247	1968	12	28	15	0	0	8		40			89		
4247	1968	12	30	12	150	10	7		-5	60	-12	99		
4247	1968	12	30	15	90	26	7		-12			99		
4247	1968	12	31	12	90	10	8		-33	-1	-42	97		
4247	1968	12	31	15	0	0	6		-34			96		
4247	1969	1	2	12	90	10	3		-30	-10	-45	98		
4247	1969	1	2	15	90	10	1		-32			92		
4247	1969	1	3	12	90	67	8		-25	-20	-47	62		
4247	1969	1	3	15	90	67	8		-27			73		
4247	1969	1	4	12	90	10	8		41	62	-41	66		
4247	1969	1	4	15	90	46	8		40			68		
4247	1969	1	6	12	270	93	9		20	101	5	74		
4247	1969	1	6	15	230	67	7		35			61		
4247	1969	1	7	12	90	10	8		20	41	11	94		
4247	1969	1	7	15	90	10	8		24			86		
4247	1969	1	8	12	90	10	0		-25	35	-30	85		
4247	1969	1	8	15	90	26	1		-20			85		
4247	1969	1	9	12	90	10	0		-47	-12	-50	88		
4247	1969	1	9	15	0	0	0		-50			88		
4247	1969	1	10	12	40	10	0		2	35	-50	54		
4247	1969	1	10	15	0	0	1		20			49		
4247	1969	1	11	12	90	26	1		-11	40	-22	72		
4247	1969	1	11	15	90	46	0		-7			71		
4247	1969	1	13	12	90	10	1		-43	2	-51	81		
4247	1969	1	13	15	90	10	2		-49			84		
4247	1969	1	14	12	90	26	8		-40	-35	-58	78		
4247	1969	1	14	15	90	10	8		-40			76		
4247	1969	1	15	12	0	0	9		-53	-30	-61	85		
4247	1969	1	15	15	90	10	8		-50			81		
4247	1969	1	16	12	200	10	8		-60	-45	-70	79		
4247	1969	1	16	15	270	46	9		-65			89		
4247	1969	1	17	15	180	26	6		-72	-55	-95	85		
4247	1969	1	18	15	90	67	1		-107	-55	-117	80		
4247	1969	1	24	15	90	10	9		-50	-32	-107	95		
4247	1969	1	25	12	290	46	9		-87	-45	-95	88		
4247	1969	1	25	15	300	67	9		-80			87		
4247	1969	1	27	12	300	10	9		-32	-25	-80	100		
4247	1969	1	27	15	20	10	9		-15			100		
4247	1969	1	28	12	330	67	9		-69	-10	-78	100		
4247	1969	1	28	15	330	77	9		-93			100		
4247	1969	1	29	12	70	10	7		-120	-69	-131	76		
4247	1969	1	29	15	0	0	3		-125			70		
4247	1969	1	30	12	90	67	8		-100	-95	-135	62		
4247	1969	1	30	15	90	67	8		-71			64		
4247	1969	1	31	12	270	93	9		-120	-25	-122	64		
4247	1969	1	31	15	250	26	9		-120			80		
4247	1969	2	1	12	90	67	8		-95	-90	-121	70		
4247	1969	2	1	15	110	77	9		-97			95		
4247	1969	2	3	12	270	93	7		-80	1	-123	95		
4247	1969	2	3	15	360	46	9		-80			96		
4247	1969	2	4	12	90	26	9		-95	-65	-102	100		
4247	1969	2	4	15	90	10	7		-91			96		
4247	1969	2	5	12	80	93	4		-111	-90	-123	77		
4247	1969	2	5	15	70	93	7		-99			67		
4247	1969	2	6	12	90	67	8		2	6	-118	67		
4247	1969	2	6	15	90	46	8		22			65		
4247	1969	2	7	12	70	26	8		5	40	-5	81		
4247	1969	2	7	15	70	67	6		25			76		
4247	1969	2	8	12	60	26	6		30	75	2	59		
4247	1969	2	8	15	90	10	7		20			68		
4247	1969	2	10	12	290	93	9		-10	50	-21	79		
4247	1969	2	10	15	270	46	9		-26			99		
4247	1969	2	11	12	90	26	8		-30	-7	-35	78		
4247	1969	2	11	15	180	46	8		-23			65		
4247	1969	2	12	12	0	0	8		-13	-10	-30	85		
4247	1969	2	12	15	0	0	7		-13			90		
4247	1969	2	13	12	360	10	8		-12	-11	-16	70		
4247	1969	2	13	15	220	10	8		2			65		
4247	1969	2	14	12	0	0	8		1	2	-12	100		
4247	1969	2	14	15	0	0	8		2			99		
4247	1969	2	15	12	220	10	8		3	11	-9	69		
4247	1969	2	15	15	110	10	9		28			95		
4247	1969	2	17	12	90	10	1		-11	111	-14	100		
4247	1969	2	17	15	90	10	1		1			95		
4247	1969	2	18	12	0	0	1		-8	20	-13	99		
4247	1969	2	18	15	90	10	0		-1			95		
4247	1969	2	19	12	90	10	7		-25	20	-28	99		
4247	1969	2	19	15	90	26	8		-20			99		
4247	1969	2	20	12	270	67	9		-18	5	-27	100		
4247	1969	2	20	15	270	93	9		-20			100		
4247	1969	2	21	12	30	10	3		-58	-18	-60	94		
4247	1969	2	21	15	30	10	3		-55			93		
4247	1969	2	22	12	90	26	0		-100	-50	-106	91		
4247	1969	2	24	12	90	10	1		-124	-95	-135	91		
4247	1969	2	24	15	90	10	1		-115			87		
4247	1969	2	25	12	60	10	3		-101	-100	-132	90		
4247	1969	2	25	15	90	26	8		-90			90		
4247	1969	2	26	12	90	26	0		-80	-72	-104	85		
4247	1969	2	26	15	90	46	0		-75			81		
4247	1969	2	27	12	90	26	1		-105	-67	-112	86		
4247	1969	2	27	15	90	10	1		-102			85		
4247	1969	2	28	12	60	10	9		-85	-80	-105	90		
4247	1969	2	28	15	120	46	9		-68			86		
4247	1969	3	1	12	250	26	7		-87	-50	-95	76		
4247	1969	3	1	15	180	10	8		-81			74		
4247	1969	3	3	12	270	93	8		-70	-70	-90	99		
4247	1969	3	3	15	270	26	9		-73			100		
4247	1969	3	4	12	90	10	9		-83	-70	-95	100		
4247	1969	3	4	15	70	10	8		-84			99		
4247	1969	3	5	12	90	67	2		-103	-80	-121	99		
4247	1969	3	5	15	70	93	1		-100			98		
4247	1969	3	6	12	90	10	8		-65	-57	-115	82		
4247	1969	3	6	15	90	10	1		-60			80		
4247	1969	3	7	12	90	46	0		-50	-42	-72	80		
4247	1969	3	7	15	90	26	0		-42			79		
4247	1969	3	8	12	90	26	7		-47	-35	-64	97		
4247	1969	3	8	15	90	10	7		-40			96		
4247	1969	3	10	12	0	0	8		1	2	-56	100		
4247	1969	3	10	15	0	0	8		-7			100		
4247	1969	3	11	12	0	0	9		-19	10	-20	100		
4247	1969	3	11	15	0	0	8		-12			100		
4247	1969	3	12	12	220	10	1		-100	-3	-134	90		
4247	1969	3	12	15	220	10	1		-100			85		
4247	1969	3	13	12	90	26	1		-127	-90	-135	80		
4247	1969	3	13	15	90	10	4		-120			78		
4247	1969	3	14	12	70	10	8		-140	-105	-152	83		
4247	1969	3	14	15	90	10	5		-134			81		
4247	1969	3	15	12	60	26	7		-196	-125	-205	78		
4247	1969	3	15	15	0	0	2		-190			70		
4247	1969	3	17	12	270	67	9		-65	-30	-210	100		
4247	1969	3	17	15	300	10	9		-65			98		
4247	1969	3	18	12	90	26	8		-72	-50	-95	88		
4247	1969	3	18	15	90	26	7		-53			90		
4247	1969	3	19	12	60	26	6		-90	-30	-102	85		
4247	1969	3	19	15	70	46	7		-91			86		
4247	1969	3	20	12	50	10	8		-98	-85	-103	80		
4247	1969	3	20	15	90	10	8		-90			78		
4247	1969	3	21	12	90	10	8		-61	-12	-100	89		
4247	1969	3	21	15	0	0	8		-50			85		
4247	1969	3	22	12	0	0	8		-12	0	-69	89		
4247	1969	3	22	15	0	0	9		2			95		
4247	1969	3	24	12	90	26	4		-20	15	-25	98		
4247	1969	3	24	15	90	10	1		-12			98		
4247	1969	3	25	12	90	10	8		-20	-9	-27	90		
4247	1969	3	25	15	90	10	8		-17			91		
4247	1969	3	26	12	320	123	9		-20	-10	-25	82		
4247	1969	3	26	15	320	123	8		-14			75		
4247	1969	3	27	12	90	93	7		-20	-10	-23	70		
4247	1969	3	27	15	90	26	3		-12			75		
4247	1969	3	28	12	90	26	1		2	2	-17	79		
4247	1969	3	28	15	90	46	2		2			80		
4247	1969	3	29	12	0	0	2		1	2	-5	79		
4247	1969	3	29	15	990	10	8		1			70		
4247	1969	3	31	12	100	10	8		-12	1	-14	95		
4247	1969	3	31	15	100	10	5		-11			90		
4247	1969	4	1	12	250	123	9		-50	21	-52	80		
4247	1969	4	1	15	160	10	9		-61			88		
4247	1969	4	2	12	90	46	4		-81	-50	-88	78		
4247	1969	4	2	15	90	26	3		-11			75		
4247	1969	4	5	12	90	26	2		-59	-50	-72	80		
4247	1969	4	5	15	0	0	2		-44			59		
4247	1969	4	8	12	270	93	9		-60	-17	-71	82		
4247	1969	4	8	15	270	67	9		-69			80		
4247	1969	4	9	12	90	26	9		-92	-65	-100	82		
4247	1969	4	9	15	90	10	8		-85			79		
4247	1969	4	10	12	90	67	0		-89	-70	-95	74		
4247	1969	4	10	15	90	67	0		-81			70		
4247	1969	4	11	12	90	67	0		-70	-55	-90	72		
4247	1969	4	11	15	90	46	0		-69			67		
4247	1969	4	12	12	90	10	8		-15	-12	-82	68		
4247	1969	4	12	15	90	67	7		-15			72		
4247	1969	4	14	12	270	93	8		-70	-60	-82	79		
4247	1969	4	14	15	270	67	8		-73			75		
4247	1969	4	15	12	90	10	7		-78	-70	-91	82		
4247	1969	4	15	15	90	10	3		-72			79		
4247	1969	4	16	12	90	10	6		-86	-62	-95	79		
4247	1969	4	16	15	90	10	2		-76			74		
4247	1969	4	17	12	270	26	2		-39	-25	-86	72		
4247	1969	4	17	15	270	67	7		-20			79		
4247	1969	4	18	12	90	10	8		-48	-20	-62	92		
4247	1969	4	18	15	0	0	2		-40			86		
4247	1969	4	19	12	0	0	0		-18	5	-48	82		
4247	1969	4	19	15	270	46	1		-10			83		
4247	1969	4	21	12	0	0	8		-30	-2	-35	86		
4247	1969	4	21	15	90	10	8		-21			86		
4247	1969	4	22	12	0	0	8		-31	-20	-35	99		
4247	1969	4	22	15	0	0	9		-29			99		
4247	1969	4	23	12	270	67	9		-25	-20	-33	99		
4247	1969	4	23	15	270	67	9		-15			98		
4247	1969	4	24	12	360	26	8		-41	-12	-60	84		
4247	1969	4	24	15	40	10	8		-35			83		
4247	1969	4	25	12	90	46	1		-29	-16	-45	80		
4247	1969	4	25	15	90	10	1		-22			78		
4247	1969	4	26	12	90	26	2		-20	-10	-41	74		
4247	1969	4	26	15	90	10	2		-15			74		
4247	1969	4	28	12	50	46	7		50	70	-30	61		
4247	1969	4	28	15	90	26	8		60			60		
4247	1969	4	29	12	0	0	6		50	115	15	69		
4247	1969	4	29	15	0	0	7		55			66		
4247	1969	4	30	12	270	77	9		1	60	-50	80		
4247	1969	4	30	15	270	10	7		10			72		
4247	1969	5	1	12	270	10	8		0	20	-35			
4247	1969	5	1	15	0	0	8		5					
4247	1969	5	3	12	0	0	4		15	18	-15			
4247	1969	5	3	15	0	0	2		18					
4247	1969	5	5	12	90	10	0		31	53	-1			
4247	1969	5	5	15	90	10	0		15					
4247	1969	5	6	12	0	0	1		30	65	5			
4247	1969	5	6	15	270	26	1		13					
4247	1969	5	7	12	0	0	9		-4	35	-32			
4247	1969	5	7	15	270	10	9		0					
4247	1969	5	8	12	0	0	7		10	20	-15			
4247	1969	5	8	15	270	10	7		18					
4247	1969	5	9	12	0	0	3		22	40	-10			
4247	1969	5	9	15	270	46	2		11					
4247	1969	5	10	12	0	0	9		-2	26	-40			
4247	1969	5	10	15	0	0	7		22					
4247	1969	5	12	12	0	0	9		30	90	-10			
4247	1969	5	12	15	90	10	9		35					
4247	1969	5	13	12	90	10	8		45	55	10			
4247	1969	5	13	15	0	0	8		63					
4247	1969	5	14	12	270	10	8		35	75	12			
4247	1969	5	14	15	0	0	8		60					
4247	1969	5	16	12	270	26	9		15	60	-20			
4247	1969	5	16	15	270	26	8		20					
4247	1969	5	17	12	0	0	8		29	30	-10	82		
4247	1969	5	17	15	270	10	8		28			83		
4247	1969	5	19	12	270	46	9		-23	40	-60	80		
4247	1969	5	19	15	270	26	9		-19			76		
4247	1969	5	20	12	70	26	5		-25	-7	-60	76		
4247	1969	5	20	15	70	46	2		-10			72		
4247	1969	5	21	12	0	0	9		33	40	-40	65		
4247	1969	5	21	15	90	10	9		40			72		
4247	1969	5	22	12	270	67	9		-19	70	-50	85		
4247	1969	5	22	15	270	93	9		-22			95		
4247	1969	5	23	12	270	46	7		-9	-5	-45	56		
4247	1969	5	23	15	220	67	8		-5			58		
4247	1969	5	24	12	200	46	8		-2	10	-40	60		
4247	1969	5	24	15	270	67	7		-1			68		
4247	1969	5	27	12	220	93	9		34	65	-4	100		
4247	1969	5	27	15	270	67	9		30			99		
4247	1969	5	28	12	70	10	4		58	60	-1	82		
4247	1969	5	28	15	70	10	4		59			80		
4247	1969	5	29	12	0	0	7		70	95	37	72		
4247	1969	5	29	15	0	0	5		76			70		
4247	1969	5	30	12	0	0	2		40	115	12	92		
4247	1969	5	30	15	270	10	1		41			94		
4247	1969	5	31	12	0	0	9		5	68	-30	98		
4247	1969	5	31	15	0	0	9		15			99		
4247	1969	6	2	12	270	10	9		-4	50	-30	100		
4247	1969	6	2	15	270	10	0		10			99		
4247	1969	6	3	12	270	10	9		-2	43	-40	96		
4247	1969	6	3	15	270	26	2		10			99		
4247	1969	6	4	12	0	0	9		10	30	-40	100		
4247	1969	6	4	15	0	0	9		21			100		
4247	1969	6	5	12	0	0	9		20	40	-13	100		
4247	1969	6	5	15	270	10	9		25			99		
4247	1969	6	6	12	270	123	6		18	42	-18	94		
4247	1969	6	6	15	270	93	9		15			98		
4247	1969	6	7	12	0	0	1		22	30	-15	89		
4247	1969	6	7	15	270	10	1		25			89		
4247	1969	6	9	12	0	0	4		53	105	22	66		
4247	1969	6	9	15	0	0	6		88			58		
4247	1969	6	10	12	90	26	8		46	95	15	99		
4247	1969	6	10	15	90	10	8		60			85		
4247	1969	6	11	12	90	10	2		55	72	23	93		
4247	1969	6	11	15	0	0	2		60			84		
4247	1969	6	12	12	0	0	7		50	100	25	83		
4247	1969	6	12	15	270	46	7		50			85		
4247	1969	6	13	12	0	0	8		30	62	-2	99		
4247	1969	6	13	15	0	0	6		35			96		
4247	1969	6	14	12	0	0	4		50	72	20	79		
4247	1969	6	14	15	0	0	6		59			79		
4247	1969	6	16	12	270	26	9		30	85	1	99		
4247	1969	6	16	15	270	10	9		41			85		
4247	1969	6	17	12	0	0	8		27	45	-10	91		
4247	1969	6	17	15	90	10	7		42			80		
4247	1969	6	18	12	0	0	5		33	50	1	95		
4247	1969	6	18	15	270	26	4		29			93		
4247	1969	6	19	12	90	93	0		54	75	20	56		
4247	1969	6	19	15	90	77	1		70			56		
4247	1969	6	20	12	270	10	4		50	90	21	90		
4247	1969	6	20	15	0	0	0		60			85		
4247	1969	6	21	12	270	10	7		52	90	20	87		
4247	1969	6	21	15	180	10	9		79			76		
4247	1969	6	23	12	90	10	7		57	125	25	90		
4247	1969	6	23	15	270	46	9		48			94		
4247	1969	6	24	12	0	0	8		45	75	10	97		
4247	1969	6	24	15	270	26	7		50			95		
4247	1969	6	25	12	270	46	5		30	70	-2	98		
4247	1969	6	25	15	270	67	3		40			95		
4247	1969	6	26	12	0	0	2		49	60	5	87		
4247	1969	6	26	15	270	26	6		50			90		
4247	1969	6	27	12	270	10	7		50	75	15	99		
4247	1969	6	27	15	290	10	8		60			91		
4247	1969	6	28	12	270	26	8		47	89	10	94		
4247	1969	6	28	15	270	10	8		50			95		
4247	1969	6	30	12	360	10	3		50	81	13	83		
4247	1969	6	30	15	270	26	3		50			85		
4247	1969	7	1	12	270	93	2		30	95	-5	98		
4247	1969	7	1	15	270	93	2		45			98		
4247	1969	7	2	12	0	0	9		44	50	5	96		
4247	1969	7	2	15	90	26	9		50			89		
4247	1969	7	3	12	270	10	9		30	65	-5	99		
4247	1969	7	3	15	90	10	9		43			92		
4247	1969	7	4	12	50	46	9		50	55	8	95		
4247	1969	7	4	15	90	10	8		55			92		
4247	1969	7	5	12	70	46	3		80	85	20	93		
4247	1969	7	5	15	270	10	1		80			96		
4247	1969	7	7	12	90	46	7		56	92	20	99		
4247	1969	7	7	15	240	10	3		71			96		
4247	1969	7	7	18	0	0	7		97			80		
4247	1969	7	8	12	0	0	9		62	105	30	97		
4247	1969	7	8	15	0	0	9		75			98		
4247	1969	7	8	18	270	10	9		82			99		
4247	1969	7	9	12	0	0	4		55	98	23	99		
4247	1969	7	9	15	230	10	1		59			100		
4247	1969	7	9	18	230	10	1		58			96		
4247	1969	7	10	12	270	10	9		35	85	5	99		
4247	1969	7	10	15	270	10	2		50			92		
4247	1969	7	10	18	0	0	3		64			84		
4247	1969	7	11	12	0	0	9		42	92	10	95		
4247	1969	7	11	15	0	0	9		41			87		
4247	1969	7	11	18	100	10	9		40			99		
4247	1969	7	12	12	270	67	9		30	50	-10	99		
4247	1969	7	12	15	270	93	9		32			99		
4247	1969	7	12	18	270	123	7		40			98		
4247	1969	7	14	12	90	10	2		72	86	10	70		
4247	1969	7	14	15	90	10	6		101			54		
4247	1969	7	14	18	40	26	2		120			51		
4247	1969	7	15	12	90	10	0		78	130	40	82		
4247	1969	7	15	15	0	0	1		95			75		
4247	1969	7	15	18	270	10	2		95			80		
4247	1969	7	16	12	0	0	7		70	120	40	78		
4247	1969	7	16	15	270	10	7		78			84		
4247	1969	7	16	18	270	10	7		87			83		
4247	1969	7	17	12	0	0	1		70	95	35	84		
4247	1969	7	17	15	270	10	1		88			75		
4247	1969	7	17	18	0	0	1		96			80		
4247	1969	7	18	12	0	0	1		90	112	50	81		
4247	1969	7	18	15	0	0	0		89			83		
4247	1969	7	18	18	270	46	1		100			79		
4247	1969	7	19	12	90	10	9		68	120	33	93		
4247	1969	7	19	15	90	10	2		90			84		
4247	1969	7	21	12	270	10	2		50	100	50	97		
4247	1969	7	21	15	270	26	3		50			99		
4247	1969	7	21	18	270	26	1		80			91		
4247	1969	7	22	12	270	93	7		70	100	30	93		
4247	1969	7	22	15	270	93	5		79			90		
4247	1969	7	22	18	270	154	4		68			85		
4247	1969	7	23	12	0	0	6		50	85	20	94		
4247	1969	7	23	15	270	26	7		55			86		
4247	1969	7	23	18	270	10	1		66			79		
4247	1969	7	24	12	270	10	1		60	115	27	79		
4247	1969	7	24	15	270	26	1		70			80		
4247	1969	7	24	18	270	10	2		80			79		
4247	1969	7	25	12	90	10	0		72	140	40	75		
4247	1969	7	25	15	0	0	0		93			65		
4247	1969	7	25	18	200	10	0		100			75		
4247	1969	7	26	12	0	0	0		77	122	40	80		
4247	1969	7	26	15	270	26	1		60			96		
4247	1969	7	28	12	290	10	8		50	95	12	98		
4247	1969	7	28	15	270	26	2		55			99		
4247	1969	7	28	18	270	10	2		79			92		
4247	1969	7	29	12	90	10	4		60	95	32	80		
4247	1969	7	29	15	0	0	1		95			76		
4247	1969	7	29	18	0	0	0		92			70		
4247	1969	7	30	12	250	10	0		65	100	35	82		
4247	1969	7	30	15	250	10	1		61			92		
4247	1969	7	30	16	250	10	2		62			91		
4247	1969	7	31	12	0	0	4		53			94		
4247	1969	7	31	15	260	10	5		60			90		
4247	1969	7	31	18	260	10	3		70			89		
4247	1969	8	1	12	250	10	7		30	33	26	99		
4247	1969	8	1	15	250	10	1		43			99		
4247	1969	8	1	18	250	10	0		66			90		
4247	1969	8	2	12	0	0	9		32	73	29	99		
4247	1969	8	2	15	0	0	9		39			100		
4247	1969	8	4	12	0	0	1		79	81	36	82		
4247	1969	8	4	15	0	0	1		92			71		
4247	1969	8	4	18	200	10	0		90			80		
4247	1969	8	5	12	140	10	0		70	100	66	79		
4247	1969	8	5	15	0	0	0		108			58		
4247	1969	8	5	18	0	0	0		99			70		
4247	1969	8	6	12	0	0	1		75	117	50	86		
4247	1969	8	6	15	270	26	0		72			91		
4247	1969	8	6	18	270	10	1		80			90		
4247	1969	8	7	12	0	0	0		78	90	40	87		
4247	1969	8	7	15	270	10	0		79			82		
4247	1969	8	7	18	0	0	2		86			79		
4247	1969	8	8	12	0	0	1		70	105	46	79		
4247	1969	8	8	15	270	10	3		75			86		
4247	1969	8	8	18	270	10	2		82			86		
4247	1969	8	9	12	270	26	8		45	105	10	98		
4247	1969	8	9	15	270	10	7		55			98		
4247	1969	8	11	12	0	0	9		40	83	10	99		
4247	1969	8	11	15	270	10	9		40			100		
4247	1969	8	11	18	270	46	2		48			99		
4247	1969	8	12	12	270	26	8		30	50	27	100		
4247	1969	8	12	15	270	46	4		37			99		
4247	1969	8	12	18	270	46	2		70			98		
4247	1969	8	13	12	0	0	9		32	80	15	97		
4247	1969	8	13	15	0	0	9		42			99		
4247	1969	8	13	18	270	10	6		50			99		
4247	1969	8	14	12	320	10	9		39	60	35	95		
4247	1969	8	14	15	320	10	8		34			100		
4247	1969	8	14	18	270	10	2		68			94		
4247	1969	8	15	12	0	0	1		64	93	30	92		
4247	1969	8	15	15	270	10	1		54			95		
4247	1969	8	15	18	270	26	4		80			82		
4247	1969	8	16	12	90	10	1		70	84	30	85		
4247	1969	8	16	15	0	0	1		98			80		
4247	1969	8	18	12	0	0	8		30	112	25	99		
4247	1969	8	18	15	0	0	6		69			95		
4247	1969	8	18	18	270	10	6		74			94		
4247	1969	8	19	12	360	26	8		96	100	63	70		
4247	1969	8	19	15	90	10	8		106			60		
4247	1969	8	19	18	270	67	8		94			72		
4247	1969	8	20	12	270	26	8		80	106	75	98		
4247	1969	8	20	15	270	10	8		98			95		
4247	1969	8	20	18	340	10	7		90			93		
4247	1969	8	21	12	30	26	8		80	140	74	92		
4247	1969	8	21	15	40	26	8		84			100		
4247	1969	8	21	18	40	10	8		74			100		
4247	1969	8	22	12	0	0	8		80	98	70	100		
4247	1969	8	22	15	50	10	8		70			99		
4247	1969	8	22	18	0	0	8		90			100		
4247	1969	8	23	12	0	0	8		60	130	55	100		
4247	1969	8	23	15	0	0	8		70			100		
4247	1969	8	25	12	0	0	4		54	82	50	94		
4247	1969	8	25	15	360	10	8		68			90		
4247	1969	8	25	18	0	0	8		68			90		
4247	1969	8	26	12	90	10	7		65	82	42	99		
4247	1969	8	26	15	0	0	9		71			96		
4247	1969	8	26	18	0	0	7		63			98		
4247	1969	8	27	12	0	0	7		38	80	14	99		
4247	1969	8	27	15	270	10	4		40			100		
4247	1969	8	27	18	270	10	2		52			99		
4247	1969	8	28	12	270	93	7		45	80	21	94		
4247	1969	8	28	15	270	26	8		46			94		
4247	1969	8	28	18	270	10	8		47			95		
4247	1969	8	29	12	0	0	7		30	52	14	98		
4247	1969	8	29	15	0	0	1		45			98		
4247	1969	8	29	18	270	10	1		46			97		
4247	1969	8	30	12	0	0	8		51	61	22	100		
4247	1969	8	30	15	0	0	7		54			99		
4247	1969	9	1	12	90	26	9		50	75	11	98		
4247	1969	9	1	15	0	0	9		51			98		
4247	1969	9	1	18	0	0	8		53			97		
4247	1969	9	2	12	0	0	9		50	75	31	98		
4247	1969	9	2	15	0	0	8		50			97		
4247	1969	9	2	18	90	26	8		60			98		
4247	1969	9	3	12	0	0	9		52	77	32	99		
4247	1969	9	3	15	90	10	8		49			99		
4247	1969	9	3	18	0	0	8		51			97		
4247	1969	9	4	12	270	46	9		30	65	11	98		
4247	1969	9	4	15	270	46	8		30			97		
4247	1969	9	4	18	0	0	6		46			96		
4247	1969	9	5	12	90	10	7		31	50	10	95		
4247	1969	9	5	15	90	10	8		41			95		
4247	1969	9	5	18	90	10	8		52			95		
4247	1969	9	6	12	90	26	0		20	60	5	95		
4247	1969	9	6	15	90	10	1		30			95		
4247	1969	9	8	12	90	10	8		30	60	25	96		
4247	1969	9	8	15	90	10	8		48			96		
4247	1969	9	8	18	0	0	8		52			67		
4247	1969	9	9	12	50	10	1		24	52	16	70		
4247	1969	9	9	15	50	26	1		34			65		
4247	1969	9	9	18	50	10	4		40			70		
4247	1969	9	10	12	0	0	4		25	60	3	87		
4247	1969	9	10	15	0	0	5		50			73		
4247	1969	9	10	18	0	0	5		47			77		
4247	1969	9	11	12	50	10	7		54	56	22	78		
4247	1969	9	11	15	270	10	9		42			86		
4247	1969	9	11	18	270	26	9		54			88		
4247	1969	9	12	12	270	123	8		20	95	1	97		
4247	1969	9	12	15	270	46	8		33			82		
4247	1969	9	12	18	270	26	6		39			74		
4247	1969	9	13	12	90	72	2		28	40	-15	69		
4247	1969	9	13	15	90	46	6		40			64		
4247	1969	9	15	12	90	10	7		36	55	2	92		
4247	1969	9	15	15	90	10	8		74			50		
4247	1969	9	15	18	90	26	8		75			50		
4247	1969	9	16	12	0	0	8		37	90	14	70		
4247	1969	9	16	15	270	72	9		50			73		
4247	1969	9	16	18	270	26	9		40			83		
4247	1969	9	17	12	70	26	9		12	40	13	98		
4247	1969	9	17	15	90	46	7		19			97		
4247	1969	9	17	18	90	46	2		22			96		
4247	1969	9	18	12	270	26	9		12	31	-15	98		
4247	1969	9	18	15	270	10	9		20			99		
4247	1969	9	18	18	270	46	8		20			99		
4247	1969	9	19	12	270	26	9		7	25	-18	98		
4247	1969	9	19	15	270	67	8		15			92		
4247	1969	9	19	18	270	67	6		21			87		
4247	1969	9	20	12	90	46	6		5	27	-22	85		
4247	1969	9	20	15	90	67	2		10			75		
4247	1969	9	22	12	90	10	3		1	20	-35	75		
4247	1969	9	22	15	70	10	2		10			60		
4247	1969	9	22	18	70	26	2		24			52		
4247	1969	9	23	12	90	10	6		-13	30	-34	73		
4247	1969	9	23	15	90	10	2		-5			71		
4247	1969	9	23	18	0	0	3		-3			70		
4247	1969	9	24	12	270	10	9		-10	20	-36	96		
4247	1969	9	24	15	270	46	9		-10			97		
4247	1969	9	24	18	270	10	8		-3			98		
4247	1969	9	25	12	90	67	3		-25	-5	-54	82		
4247	1969	9	25	15	90	67	4		-19			80		
4247	1969	9	25	18	90	26	2		-13			72		
4247	1969	9	26	12	90	77	0		-30	-10	-56	74		
4247	1969	9	26	15	70	93	0		-25			68		
4247	1969	9	26	18	90	67	0		-22			68		
4247	1969	9	27	12	90	26	0		-25	-15	-50	72		
4247	1969	9	27	15	90	10	0		-18			68		
4247	1969	9	29	12	90	93	0		-33	-12	-68	62		
4247	1969	9	29	15	90	46	0		-15			56		
4247	1969	9	29	18	90	26	1		-5			56		
4247	1969	9	30	12	90	46	2		-25	-5	-47	68		
4247	1969	9	30	15	90	67	4		-18			72		
4247	1969	9	30	18	90	10	5		-15			73		
4247	1969	10	1	12	90	10	7		-10	-5	-34	96		
4247	1969	10	1	15	90	10	6		-3			95		
4247	1969	10	1	18	0	0	4		15			87		
4247	1969	10	2	12	0	0	9		0	15	-27	95		
4247	1969	10	2	15	0	0	8		8			89		
4247	1969	10	2	18	0	0	9		10			98		
4247	1969	10	3	12	0	0	9		1	20	-30	97		
4247	1969	10	3	15	90	10	7		2			98		
4247	1969	10	3	18	0	0	6		10			96		
4247	1969	10	4	12	70	67	0		-13	12	-35	62		
4247	1969	10	4	15	70	26	0		4			52		
4247	1969	10	6	12	90	10	1		-45	8	-61	64		
4247	1969	10	6	15	90	10	4		-32			59		
4247	1969	10	6	18	90	46	1		-27			57		
4247	1969	10	7	12	90	46	0		-65	-25	-76	62		
4247	1969	10	7	15	90	67	0		-60			58		
4247	1969	10	7	18	90	26	0		-49			57		
4247	1969	10	8	12	90	10	8		-40	-35	-65	65		
4247	1969	10	8	15	90	10	9		-48			70		
4247	1969	10	8	18	90	46	9		-40			98		
4247	1969	10	9	12	270	154	9		20	45	-60	95		
4247	1969	10	9	15	270	10	9		25			95		
4247	1969	10	9	18	90	26	9		10			98		
4247	1969	10	10	12	0	0	9		30	40	10	95		
4247	1969	10	10	15	0	0	9		30			99		
4247	1969	10	10	18	90	26	9		12			100		
4247	1969	10	11	12	250	10	9		10	35	-5	99		
4247	1969	10	11	15	270	67	7		10			97		
4247	1969	10	13	12	90	10	7		-13	12	-24	93		
4247	1969	10	13	15	90	10	7		-5			93		
4247	1969	10	13	18	90	10	8		-3			89		
4247	1969	10	14	12	0	0	7		-7	-1	-15	94		
4247	1969	10	14	15	270	10	7		-2			90		
4247	1969	10	14	18	90	10	9		-2			92		
4247	1969	10	15	12	90	26	6		-18	5	-25	85		
4247	1969	10	15	15	90	10	3		-16			83		
4247	1969	10	15	18	0	0	2		-10			74		
4247	1969	10	16	12	90	10	3		-20	-6	-27	81		
4247	1969	10	16	15	90	10	3		-19			81		
4247	1969	10	16	18	90	10	7		-14			80		
4247	1969	10	17	12	90	10	9		-10			94		
4247	1969	10	17	15	0	0	9		-2			94		
4247	1969	10	17	18	90	10	8		-1			93		
4247	1969	10	18	12	90	67	7		-13	0	-19	74		
4247	1969	10	18	15	90	67	4		-17			72		
4247	1969	10	20	12	90	26	7		49	52	-25	55		
4247	1969	10	20	15	190	93	8		68			44		
4247	1969	10	20	18	190	46	9		71			44		
4247	1969	10	21	12	190	67	7		50	78	39	44		
4247	1969	10	21	15	190	46	3		61			43		
4247	1969	10	21	18	90	10	4		60			43		
4247	1969	10	22	12	90	10	9		-5	72	-10	97		
4247	1969	10	22	15	90	26	7		-6			97		
4247	1969	10	22	18	90	10	8		1			92		
4247	1969	10	23	12	90	10	9		-12	5	-16	98		
4247	1969	10	23	15	270	46	9		-3			83		
4247	1969	10	23	18	270	26	8		-10			83		
4247	1969	10	24	12	90	10	6		-30	0	-30	84		
4247	1969	10	24	15	90	26	3		-40			72		
4247	1969	10	24	18	90	10	3		-48			71		
4247	1969	10	25	12	270	93	9		-20	-15	-50	99		
4247	1969	10	25	15	240	26	9		-21			99		
4247	1969	10	27	12	90	67	1		-45	-12	-70	69		
4247	1969	10	27	15	90	67	0		-41			67		
4247	1969	10	28	12	180	93	9		-11	-5	-65	59		
4247	1969	10	28	15	150	67	9		-12			55		
4247	1969	10	29	12	250	67	7		-20	1	-40	98		
4247	1969	10	29	15	270	10	6		-1			68		
4247	1969	10	30	12	90	26	5		-30	10	-50	71		
4247	1969	10	30	15	90	26	2		-40			70		
4247	1969	10	31	12	90	46	1		-60	-30	-82	66		
4247	1969	10	31	15	90	67	0		-55			60		
4247	1969	11	1	12	90	26	0		-78	-52	-95	69		
4247	1969	11	1	15	90	46	0		-80			68		
4247	1969	11	3	12	170	10	9		-40	-30	-78	76		
4247	1969	11	3	15	180	67	8		-20			62		
4247	1969	11	4	12	270	77	9		-12	0	-25	89		
4247	1969	11	4	15	270	67	9		-3			90		
4247	1969	11	5	12	270	123	9		-2	0	-20	100		
4247	1969	11	5	15	270	67	9		0			100		
4247	1969	11	6	12	240	154	9		-2	30	-22	100		
4247	1969	11	6	15	320	154	7		-30			90		
4247	1969	11	7	12	270	67	9		-46	-6	-65	96		
4247	1969	11	7	15	270	67	9		-42			96		
4247	1969	11	8	12	60	93	5		-90	-42	-110	73		
4247	1969	11	8	15	60	123	2		-100			65		
4247	1969	11	10	12	90	67	0		-116	-95	-128	73		
4247	1969	11	10	15	90	67	1		-117			73		
4247	1969	11	11	12	0	0	7		-2	0	-120	74		
4247	1969	11	11	15	90	10	7		-3			70		
4247	1969	11	12	12	90	46	6		-18	-3	-40	80		
4247	1969	11	12	15	90	67	0		-23			75		
4247	1969	11	13	12	90	26	0		-45	-18	-66	82		
4247	1969	11	13	15	90	10	0		-40			81		
4247	1969	11	14	12	90	10	6		-15	-12	-35	82		
4247	1969	11	14	15	90	10	7		-10			78		
4247	1969	11	15	12	250	10	1		-7	0	-30	93		
4247	1969	11	15	15	90	10	6		-15			96		
4247	1969	11	17	12	270	190	9		-5	83	-32	100		
4247	1969	11	17	15	270	154	9		-4			100		
4247	1969	11	18	12	270	93	9		-25	0	-42	100		
4247	1969	11	18	15	270	67	7		-11			90		
4247	1969	11	19	12	360	10	9		-42	-10	-60	93		
4247	1969	11	19	15	270	46	8		-40			94		
4247	1969	11	20	12	90	67	8		-56	-30	-70	70		
4247	1969	11	20	15	90	46	8		-54			73		
4247	1969	11	21	12	90	10	5		-15	-10	-54	95		
4247	1969	11	21	15	90	10	4		-11			73		
4247	1969	11	22	12	0	0	6		2	40	-20	92		
4247	1969	11	22	15	50	10	6		2			93		
4247	1969	11	24	12	180	10	3		-18	65	-36	72		
4247	1969	11	24	15	90	10	6		-19			69		
4247	1969	11	25	12	270	67	9		-27	-5	-50	97		
4247	1969	11	25	15	270	93	9		-30			100		
4247	1969	11	26	12	90	46	4		-53	-30	-67	99		
4247	1969	11	26	15	90	26	1		-52			94		
4247	1969	11	27	12	240	10	9		-5	2	-52	98		
4247	1969	11	27	15	270	46	9		-4			99		
4247	1969	11	28	12	90	67	9		-20	5	-46	98		
4247	1969	11	28	15	90	46	9		-22			99		
4247	1969	11	29	12	270	26	8		-25	5	-35	88		
4247	1969	11	29	15	270	67	9		-20			89		
4247	1969	12	1	12	50	67	7		-50	-18	-65	68		
4247	1969	12	1	15	70	67	8		-40			72		
4247	1969	12	2	12	270	154	9		-10	5	-55	89		
4247	1969	12	2	15	300	123	7		-2			72		
4247	1969	12	3	12	90	67	2		-38	5	-50	77		
4247	1969	12	3	15	60	46	7		-42			78		
4247	1969	12	4	12	220	26	9		40	41	-55	98		
4247	1969	12	4	15	270	154	7		35			79		
4247	1969	12	5	12	270	46	9		15	50	0	95		
4247	1969	12	5	15	0	0	8		10			93		
4247	1969	12	6	12	270	10	8		-25	30	-40	92		
4247	1969	12	6	15	270	46	8		-70			83		
4247	1969	12	8	12	330	26	8		-132	-25	-158	75		
4247	1969	12	8	15	360	10	7		-130			75		
4247	1969	12	9	12	360	10	8		-130	-110	-158	74		
4247	1969	12	9	15	360	10	8		-128			75		
4247	1969	12	10	12	270	10	9		-65	-48	-143	74		
4247	1969	12	10	15	250	10	9		-53			73		
4247	1969	12	11	12	330	93	8		-60	-36	-75	89		
4247	1969	12	11	15	360	93	8		-68			89		
4247	1969	12	12	12	90	46	5		-77	-52	-101	70		
4247	1969	12	12	15	90	67	3		-102			72		
4247	1969	12	13	12	90	10	1		-143	-70	-192	88		
4247	1969	12	13	15	90	10	1		-146			89		
4247	1969	12	15	12	90	10	6		-91	-88	-180	90		
4247	1969	12	15	15	90	26	4		-92			87		
4247	1969	12	16	12	90	10	9		-103	-90	-190	90		
4247	1969	12	16	15	90	10	8		-100			89		
4247	1969	12	17	12	90	26	0		-135	-85	-210	85		
4247	1969	12	17	15	90	26	1		-143			84		
4247	1969	12	18	12	90	10	5		-150	-133	-230	84		
4247	1969	12	18	15	90	10	4		-136			84		
4247	1969	12	19	12	360	10	9		-110	-95	-180	85		
4247	1969	12	19	15	290	10	9		-82			84		
4247	1969	12	20	12	360	10	9		-90	-75	-170	81		
4247	1969	12	20	15	360	10	8		-99			83		
4247	1969	12	22	12	90	26	1		-150	-88	-220	82		
4247	1969	12	22	15	90	10	1		-149			83		
4247	1969	12	23	12	90	10	2		-120	-105	-190	84		
4247	1969	12	23	15	90	10	6		-90			86		
4247	1969	12	27	12	90	26	9		-110	-40	-170	86		
4247	1969	12	27	15	90	10	9		-114			65		
4247	1969	12	29	12	90	46	9		-120	-100	-172	67		
4247	1969	12	29	15	90	10	9		-108			65		
4247	1969	12	30	12	0	0	9		4	15	-127	66		
4247	1969	12	30	15	0	0	9		5			67		
4247	1969	12	31	12	0	0	8		0	15	-3	65		
4247	1969	12	31	15	0	0	7		5			66		
