stat_no	year	month	day	hour	dd	ff	n	pppp	ttt	txtxtx	tntntn	rh	rrr6	sss
4248	1966	1	26	12	100	15			-150			70	0	
4248	1966	1	26	15	0	0			-170			74		
4248	1966	1	27	12	100	15			-170	-150	-175	77	0	
4248	1966	1	27	15	90	15			-150			73		
4248	1966	1	28	12	90	15			-120	-120	-170	75	0	
4248	1966	1	28	15	0	0			-130			76		
4248	1966	1	29	12	90	15			-140	-120	-145	89	0	
4248	1966	1	29	15	90	15			-140			75		
4248	1966	1	31	12	90	15			-160	-140	-160	75	0	
4248	1966	1	31	15	90	15			-160			76		
4248	1966	2	1	12	90	15			-170	-120	-170	75	0	
4248	1966	2	1	15	90	15			-140			76		
4248	1966	2	2	12	90	15			-150	-125	-150	80	0	
4248	1966	2	2	15	90	15			-150			79		
4248	1966	2	3	12	0	0			-80	-80	-150	82	0	
4248	1966	2	3	15	90	15			-70			80		
4248	1966	2	4	12	50	15			-110	-70	-110	84	0	
4248	1966	2	4	15	50	15			-120			85		
4248	1966	2	5	12	0	0			-140	-100	-140	89	0	
4248	1966	2	5	15	0	0			-150			89		
4248	1966	2	7	12	90	15			-140	-115	-150	86	0	
4248	1966	2	7	15	0	0			-130			87		
4248	1966	2	11	12	90	15			-160	-130	-160	84	0	
4248	1966	2	11	15	140	26			-70			75		
4248	1966	2	12	12	230	31			-30	-5	-160	85	0	
4248	1966	2	12	15	270	31			-40			85		
4248	1966	2	14	12	90	15			-90	-85	-90	90	0	
4248	1966	2	14	15	90	15			-110			91		
4248	1966	2	15	12	50	15			-70	-73	-135	88	0	
4248	1966	2	15	15	50	15			-70			89		
4248	1966	2	16	12	140	87			40	55	-70	47	0	
4248	1966	2	16	15	0	0			10			51		
4248	1966	2	17	12	180	51			80	93	10	45	0	
4248	1966	2	17	15	140	87			90			42		
4248	1966	2	18	12	140	57			60	103	60	44	0	
4248	1966	2	18	15	140	36			70			42		
4248	1966	2	19	12	90	5			10	80	5	48	0	
4248	1966	2	19	15	90	5			10			46		
4248	1966	2	21	12	90	5			-40	35	-40	84	0	
4248	1966	2	21	15	0	0			-30			88		
4248	1966	2	25	12	90	15			-70	-30	-70	70	0	
4248	1966	2	25	15	90	15			-50			62		
4248	1966	2	26	12	0	0			-60	-30	-70	70	0	
4248	1966	2	26	15	0	0			-20			65		
4248	1966	2	28	12	0	0			-50	-45	-50	82	0	
4248	1966	2	28	15	90	5			-30			79		
4248	1966	3	1	12	0	0			-69	-30	-69	83		
4248	1966	3	1	15	0	0			-56			80		
4248	1966	3	2	12	90	15			-58	-50	-69	74		
4248	1966	3	2	15	90	21			-42			70		
4248	1966	3	3	12	90	15			-111	-42	-111	80		
4248	1966	3	3	15	90	15			-105			75		
4248	1966	3	4	12	90	21			-122	-85	-122	85		
4248	1966	3	4	15	90	10			-105			77		
4248	1966	3	5	12	90	26			-123	-85	-123	75		
4248	1966	3	5	15	90	15			-122			72		
4248	1966	3	7	12	50	15			-100	-95	-122	70		
4248	1966	3	7	15	50	15			-82			70		
4248	1966	3	8	12	270	87			-6	30	-100	84		
4248	1966	3	8	15	180	175			-40			73		
4248	1966	3	9	12	220	57			-102	-5	-102	75		
4248	1966	3	9	15	320	57			-118			80		
4248	1966	3	10	12	90	15			-171	-102	-171	75		
4248	1966	3	10	15	90	5			-100			75		
4248	1966	3	11	12	90	21			-186	-150	-186	76		
4248	1966	3	11	15	90	15			-176			69		
4248	1966	3	12	12	90	15			-200	-160	-200	74		
4248	1966	3	12	15	90	5			-191			73		
4248	1966	3	14	12	90	10			-124	-105	-124	74		
4248	1966	3	14	15	90	10			-100			73		
4248	1966	3	15	12	90	15			-62	-60	-124	68		
4248	1966	3	15	15	90	5			-48			65		
4248	1966	3	16	12	50	15			-70	10	-70	89		
4248	1966	3	16	15	50	5			-70			82		
4248	1966	3	17	12	50	15			-92	-70	-92	89		
4248	1966	3	17	15	50	5			-79			78		
4248	1966	3	18	12	0	0			-94	-79	-115	89		
4248	1966	3	18	15	360	67			-76			84		
4248	1966	3	19	12	50	15			-124	-76	-125	88		
4248	1966	3	19	15	50	10			-114			87		
4248	1966	3	21	12	320	46			-100	-98	-114	69		
4248	1966	3	21	15	320	46			-98			77		
4248	1966	3	22	12	360	26			-130	-98	-135	88		
4248	1966	3	22	15	50	26			-120			87		
4248	1966	3	23	12	0	0			-6	-4	-130	81		
4248	1966	3	23	15	0	0			12			71		
4248	1966	3	24	12	220	154			-40	20	-40	93		
4248	1966	3	24	15	220	123			-44			81		
4248	1966	3	25	12	50	10			-84	-40	-84	90		
4248	1966	3	25	15	50	26			-79			90		
4248	1966	3	26	12	90	26			-130	-74	-140	75		
4248	1966	3	26	15	0	0			-125			74		
4248	1966	3	28	12	320	10			-36	-33	-50	89		
4248	1966	3	28	15	180	113			4			77		
4248	1966	3	29	12	90	26			-76	4	-85	86		
4248	1966	3	29	15	90	10			-50			80		
4248	1966	3	30	12	90	26			-68	-44	-85	83		
4248	1966	3	30	15	0	0			-5			70		
4248	1966	3	31	12	90	10			-14	-5	-68	76		
4248	1966	3	31	15	0	0			18			66		
4248	1966	4	1	12	0	0			-4	2	-25	85		
4248	1966	4	1	15	0	0			2			82		
4248	1966	4	2	12	90	10			-32	4	-65	70		
4248	1966	4	2	15	0	0			4			65		
4248	1966	4	4	12	90	26			-30	18	-33	97		
4248	1966	4	4	15	90	10			-16			74		
4248	1966	4	5	12	90	26			-40	-12	-55	77		
4248	1966	4	5	15	90	10			-30			73		
4248	1966	4	6	12	90	10			-60	-28	-78	77		
4248	1966	4	6	15	90	10			-32			60		
4248	1966	4	9	12	90	26			-50	-26	-65	75		
4248	1966	4	9	15	90	10			-40			75		
4248	1966	4	12	12	90	26			-103			62		
4248	1966	4	12	15	90	10			-50			65		
4248	1966	4	13	12	90	10			-50	-44	-103	65		
4248	1966	4	13	15	90	26			-30			62		
4248	1966	4	14	12	0	0			23	24	-50	65		
4248	1966	4	14	15	0	0			43			60		
4248	1966	4	15	12	220	26			13	53	12	80		
4248	1966	4	15	15	220	26			30			70		
4248	1966	4	16	12	90	10			-30	31	-30	78		
4248	1966	4	16	15	90	26			-14			75		
4248	1966	4	18	12	220	46			-12	-12	-15	80		
4248	1966	4	18	15	220	46			-4			76		
4248	1966	4	19	12	90	10			-32	-2	-35	85		
4248	1966	4	19	15	90	10			-30			80		
4248	1966	4	20	12	90	26			-73	-22	-75	72		
4248	1966	4	20	15	90	26			-53			68		
4248	1966	4	21	12	90	10			23	24	-53	44		
4248	1966	4	21	15	140	46			12			62		
4248	1966	4	22	12	0	0			31	32		65		
4248	1966	4	22	15	0	0			30			68		
4248	1966	4	23	12	0	0			12			99		
4248	1966	4	23	15	220	26			0			99		
4248	1966	4	25	12	90	26			-40	-34	-40	74		
4248	1966	4	25	15	90	26			-63			72		
4248	1966	4	26	12	90	10			1	2		64		
4248	1966	4	26	15	90	10			30			66		
4248	1966	4	27	12	90	26			0	33	0	64		
4248	1966	4	27	15	90	26			12			60		
4248	1966	4	28	12	220	46			0	20	0	79		
4248	1966	4	28	15	220	26			0			76		
4248	1966	4	29	12	280	26			-18	0	-25	75		
4248	1966	4	29	15	280	26			-10			69		
4248	1966	4	30	12	270	46			-50			81		
4248	1966	4	30	15	270	26			-38			76		
4248	1966	5	2	12	50	26			-36	-32	-50	76		
4248	1966	5	2	15	50	10			-28			74		
4248	1966	5	3	12	50	26			-30	26	-36	71		
4248	1966	5	3	15	50	10			-20			70		
4248	1966	5	4	12	220	26			-13	-13	-30	68		
4248	1966	5	4	15	220	26			-4			68		
4248	1966	5	5	12	90	10			-20	-4	-20	69		
4248	1966	5	5	15	90	26			-20			65		
4248	1966	5	7	12	90	26			-13	-12	-15	69		
4248	1966	5	7	15	90	26			0			61		
4248	1966	5	9	12	90	26			60	62	5	45		
4248	1966	5	9	15	90	10			75			50		
4248	1966	5	10	12	320	67			-4	75	-10	81		
4248	1966	5	10	15	320	93			0			78		
4248	1966	5	11	12	220	26			-20	0	-25	78		
4248	1966	5	11	15	90	26			-12			68		
4248	1966	5	12	12	90	10			0	0	-12	49		
4248	1966	5	12	15	90	10			50			49		
4248	1966	5	13	12	90	26			20	50	-20	62		
4248	1966	5	13	15	90	26			10			60		
4248	1966	5	14	12	90	10			14	22	-15	65		
4248	1966	5	14	15	320	26			34			65		
4248	1966	5	16	12	320	10			14	18	-5	79		
4248	1966	5	16	15	320	46			38			74		
4248	1966	5	17	12	90	10			12	38	12	78		
4248	1966	5	18	12	0	0			28	36	-15	67		
4248	1966	5	18	15	220	26			50			68		
4248	1966	5	20	12	320	10			2	6	0	82		
4248	1966	5	20	15	320	46			20			76		
4248	1966	5	21	12	90	10			10	22	-15	68		
4248	1966	5	21	15	0	0			50			60		
4248	1966	5	23	12	180	67			78	80	25	62		
4248	1966	5	23	15	220	67			64			72		
4248	1966	5	24	12	0	0			22	78	20	92		
4248	1966	5	24	15	270	46			50			84		
4248	1966	5	25	12	0	0			32	50	20	90		
4248	1966	5	25	15	10	10			43			84		
4248	1966	5	26	12	320	10			56	64	20	80		
4248	1966	5	26	15	220	46			63			74		
4248	1966	5	27	12	90	10			64	72	15	59		
4248	1966	5	27	15	90	26			72			53		
4248	1966	5	28	12	0	0			70	70	25	60		
4248	1966	5	28	15	220	46			64			71		
4248	1966	5	29	12	90	26			69	72	17	58		
4248	1966	5	29	15	90	10			92			56		
4248	1966	6	1	12	90	26			61	66	37	78		
4248	1966	6	1	15	320	26			61			79		
4248	1966	6	2	12	0	0			42	61	10	75		
4248	1966	6	2	15	270	26			58			74		
4248	1966	6	3	12	0	0			54	72	35	73		
4248	1966	6	3	15	0	0			82			63		
4248	1966	6	4	12	90	10			60	92	32	72		
4248	1966	6	4	15	90	26			86			65		
4248	1966	6	6	12	220	26			32	44	32	86		
4248	1966	6	6	15	220	46			51			80		
4248	1966	6	7	12	0	0			60	70	32	71		
4248	1966	6	7	15	220	46			70			71		
4248	1966	6	8	12	220	26			41	70	30	81		
4248	1966	6	8	15	220	46			52			79		
4248	1966	6	9	12	90	10			54	70	30	70		
4248	1966	6	9	15	320	10			76			61		
4248	1966	6	10	12	320	26			38	92	20	82		
4248	1966	6	10	15	320	26			60			77		
4248	1966	6	11	12	320	46			46	70	35	66		
4248	1966	6	11	15	320	46			62			61		
4248	1966	6	13	12	0	0			70	110	25	66		
4248	1966	6	13	15	90	26			60			72		
4248	1966	6	14	12	320	67			0	78	-10	71		
4248	1966	6	14	15	320	26			16			60		
4248	1966	6	15	12	0	0			30	40	-5	62		
4248	1966	6	15	15	0	0			46			56		
4248	1966	6	16	12	90	10			72	78	25	64		
4248	1966	6	16	15	90	26			78			62		
4248	1966	6	17	12	320	26			68	116	55	72		
4248	1966	6	17	15	320	26			72			72		
4248	1966	6	18	12	320	46			62	82	50	87		
4248	1966	6	18	15	0	0			70			82		
4248	1966	6	20	12	320	67			74	120	55	84		
4248	1966	6	20	15	320	67			64			88		
4248	1966	6	21	12	270	10			72	90	45	91		
4248	1966	6	21	15	270	10			70			91	53	
4248	1966	6	22	15	0	0			80	90	40	85	13	
4248	1966	6	23	12	90	10			92	190	60	69		
4248	1966	6	25	12	0	0			80	90	40	85		
4248	1966	6	27	12	0	0			50	120	11	69		
4248	1966	6	28	12	270	10			72	130	50	78		
4248	1966	6	28	15	270	26			82			78		
4248	1966	6	29	12	270	21			60	82	60	87	28	
4248	1966	6	29	15	270	10			50			76		
4248	1966	6	30	12	90	10			83	83	50	78		
4248	1966	6	30	15	270	21			100			72		
4248	1966	7	1	12	270	26			70	70	60	80		
4248	1966	7	1	15	270	26			61			84		
4248	1966	7	2	12	0	0			81	81	40	84	86	
4248	1966	7	4	12	270	31			60	90	50	85	49	
4248	1966	7	4	15	270	15			63			85		
4248	1966	7	5	12	0	0			54	90	40	90		
4248	1966	7	5	15	0	0			70			89		
4248	1966	7	6	12	0	0			92	93	54	93		
4248	1966	7	6	15	0	0			93			95		
4248	1966	7	7	12	270	5			82	93	80	86	60	
4248	1966	7	7	15	270	5			90			85	32	
4248	1966	7	8	12	90	5			52	113	40	89		
4248	1966	7	8	15	90	5			72			88		
4248	1966	7	9	12	90	5			92	113	50	71		
4248	1966	7	9	15	90	5			112			66		
4248	1966	7	11	12	270	5			92	140	65	92	42	
4248	1966	7	12	12	90	5			92	110	65	82		
4248	1966	7	19	12	90	26			64	146	52	94		
4248	1966	7	19	15	90	10			82			85		
4248	1966	7	20	12	320	26			90	110	60	87		
4248	1966	7	20	15	90	10			74			92		
4248	1966	7	21	12	320	26			78	100	65	86		
4248	1966	7	21	15	320	26			84			85		
4248	1966	7	22	12	0	0			100	116	42	70		
4248	1966	7	22	15	0	0			106			68		
4248	1966	7	23	12	90	26			88	136	78	82		
4248	1966	7	23	15	320	46			110			82		
4248	1966	7	25	12	320	46			76	138	72	99		
4248	1966	7	25	15	90	26			78			99		
4248	1966	7	26	12	90	10			74	82	57	99		
4248	1966	7	26	15	0	0			90			94		
4248	1966	7	27	12	90	10			104	120	60	74		
4248	1966	7	27	15	90	26			116			66		
4248	1966	7	28	12	140	26			130	142	75	68		
4248	1966	7	28	15	140	46			184			53		
4248	1966	7	29	12	320	26			98	196	95	98		
4248	1966	7	29	15	320	26			110			95		
4248	1966	7	30	12	90	26			84	110	75	92		
4248	1966	7	30	15	90	26			106			91		
4248	1966	8	1	12	90	10			102	102	72	44	98	
4248	1966	8	1	15	90	10			140			62		
4248	1966	8	2	12	90	10			106	170	0	66		
4248	1966	8	2	15	90	10			116			65		
4248	1966	8	4	15	270	10			82			93		
4248	1966	8	5	12	0	0			63	110	65	89		
4248	1966	8	5	15	270	5			70			88	19	
4248	1966	8	6	12	90	5			80	80	30	96		
4248	1966	8	8	12	90	5			120	120	50	67		
4248	1966	8	9	12	0	0			90	200	60	71		
4248	1966	8	9	15	270	5			120			76		
4248	1966	8	10	12	90	5			80	140	80	86		
4248	1966	8	10	15	270	5			112			78		
4248	1966	8	11	12	270	5			82	130	82	89		
4248	1966	8	11	15	270	5			92			85		
4248	1966	8	12	12	270	5			72	102	72	94		
4248	1966	8	12	15	270	10			83			90		
4248	1966	8	13	12	90	10			80	110	80	74		
4248	1966	8	15	12	90	10			104	210	42	65		
4248	1966	8	15	15	90	10			146			59		
4248	1966	8	16	12	220	10			98	170	60	76		
4248	1966	8	16	15	220	26			100			81		
4248	1966	8	17	12	90	10			92	116	75	83		
4248	1966	8	17	15	0	0			110			78		
4248	1966	8	18	12	90	10			76	144	68	95		
4248	1966	8	18	15	320	10			84			92		
4248	1966	8	19	12	320	26			70	96	60	91		
4248	1966	8	19	15	320	26			88			86		
4248	1966	8	20	12	90	26			56	102	55	97		
4248	1966	8	20	15	320	10			88			88		
4248	1966	8	23	12	0	0			76	140	45	74		
4248	1966	8	23	15		10			108			64		
4248	1966	8	24	12	90	10			80	138	40	67		
4248	1966	8	25	12	0	0			86	140	55	75		
4248	1966	8	25	15	0	0			100			75		
4248	1966	8	26	12	90	10			84	140	43	74		
4248	1966	8	26	15	320	46			110			69		
4248	1966	8	27	12	0	0			62	116	60	87		
4248	1966	8	27	15	0	0			72			85		
4248	1966	8	29	12	0	0			84	98	62	87		
4248	1966	8	29	15	0	0			100			87		
4248	1966	8	30	12	320	10			74	120	50	75		
4248	1966	8	30	15	0	0			106			69		
4248	1966	8	31	12	90	10			84	120	60	68		
4248	1966	8	31	15	90	10			100			65		
4248	1966	9	1	12	90	26			70	130	45	75		
4248	1966	9	1	15	90	26			96			64		
4248	1966	9	2	12	90	46			56	128	40	72		
4248	1966	9	2	15	90	26			72			69		
4248	1966	9	3	12	90	10			60	100	35	70		
4248	1966	9	3	15	0	0			80			65		
4248	1966	9	5	12	90	26			32	104	6	95	79	
4248	1966	9	5	15	90	26			36			93		
4248	1966	9	6	12	90	26			34	60	23	95		
4248	1966	9	8	15	90	26			100	126	35	70		
4248	1966	9	9	12	0	0			70	130	35	90		
4248	1966	9	12	15	90	26			38	86	30	88		
4248	1966	9	13	12	90	10			38	78	10	70		
4248	1966	9	13	15	320	26			58			60		
4248	1966	9	14	12	320	26			82	94	30	78		
4248	1966	9	14	15	220	26			74			92		
4248	1966	9	15	12	0	0			54	100	45	87	68	
4248	1966	9	15	15	0	0			56			85		
4248	1966	9	16	12	0	0			42	66	30	97	90	
4248	1966	9	17	12	320	26			32	44	20	99	100	
4248	1966	9	17	15	220	93			26			99		
4248	1966	9	19	12	90	26			0	50	-35	84		
4248	1966	9	19	15	90	26			12			75		
4248	1966	9	20	12	90	26			-10	30	-25	72		
4248	1966	9	27	12	90	10			77	150	25	77		
4248	1966	9	27	15	90	10			112			62		
4248	1966	9	28	12	0	0			42	130	30	95		
4248	1966	9	28	15	0	0			52			90		
4248	1966	9	29	15	0	0			60	100	20	85		
4248	1966	9	30	12	0	0			28	90	15	98		
4248	1966	9	30	15	90	10			46			87		
4248	1966	10	1	12	90	10			12	60	5	89		
4248	1966	10	1	15	0	0			48			72		
4248	1966	10	3	12	90	26			6	60	-5	80		
4248	1966	10	3	15	90	26			24			68		
4248	1966	10	4	12	0	0			20	50	0	73		
4248	1966	10	5	12	90	10			20	60	0	86		
4248	1966	10	6	12	90	10			-10	40	-20	75		
4248	1966	10	6	15	90	10			14			68		
4248	1966	10	7	12	220	93			112	118	-15	50		
4248	1966	10	8	12	0	0			70	130	65	54		
4248	1966	10	8	15	220	10			64			65		
4248	1966	10	10	12	90	26			10	80	-5	95		
4248	1966	10	10	15	90	10			40			81		
4248	1966	10	11	12	320	26			6	90	-5	93		
4248	1966	10	11	15	320	26			12			93		
4248	1966	10	12	12	90	26			10	20	0	95		
4248	1966	10	12	15	0	0			20			92		
4248	1966	10	13	12	90	26			28	50	10	93		
4248	1966	10	13	15	0	0			40			94		
4248	1966	10	14	15	220	123			100	104	10	54		
4248	1966	10	15	12	0	0			68	100	25	68		
4248	1966	10	15	15	0	0			70			65		
4248	1966	10	17	12	0	0			10	100	5	99		
4248	1966	10	17	15	0	0			14			99		
4248	1966	10	18	12	90	10			2	20	-5	95		
4248	1966	10	18	15	90	10			8			91		
4248	1966	10	19	12	90	10			-38	8	-40	78		
4248	1966	10	20	12	90	26			-30	10	-45	78		
4248	1966	10	20	15	90	10			-18			80		
4248	1966	10	21	15	0	0			28	40	-40	94		
4248	1966	10	22	12	140	67			70	82	25	80		
4248	1966	10	22	15	0	0			50			85		
4248	1966	10	24	12	0	0			58	130	35	88		
4248	1966	10	24	15	0	0			68			85		
4248	1966	10	25	12	0	0			16	70	15	96		
4248	1966	10	25	15	0	0			20			96		
4248	1966	10	26	15	0	0			70	80	10	69		
4248	1966	10	27	12	0	0			26	86	10	98		
4248	1966	10	28	15	0	0			30			99		
4248	1966	10	29	12	140	190			20	80	-20	87		
4248	1966	10	29	15	220	190			14			96		
4248	1966	10	31	12	0	0			58	70	-10	69		
4248	1966	10	31	15	220	26			94			50		
4248	1966	11	1	12	220	93			40	120	30	81		
4248	1966	11	1	15	270	123			16			92		
4248	1966	11	2	12	0	0			0	40	-10	87		
4248	1966	11	2	15	0	0			2			83		
4248	1966	11	3	12	0	0			-20	6	-20	99		
4248	1966	11	3	15	320	26			-10			91		
4248	1966	11	4	12	90	26			-66	-6	-75	72		
4248	1966	11	4	15	90	26			-52			78		
4248	1966	11	5	12	0	0			38	44	-70	95	40	
4248	1966	11	5	15	0	0			40			95		
4248	1966	11	10	12	320	26			18	65	-40	80		
4248	1966	11	10	15	320	154			-10			95		
4248	1966	11	11	12	90	10			-54	18	-75	67		
4248	1966	11	11	15	90	26			-52			68		
4248	1966	11	12	12	140	46			24	30	-60	72		
4248	1966	11	12	15	140	26			24			70		
4248	1966	11	14	12	50	67			-70	30	-70	83		
4248	1966	11	14	15	50	46			-64			80		
4248	1966	11	15	12	90	26			-54	-50	-90	62		
4248	1966	11	15	15	90	26			-50			60		
4248	1966	11	16	12	90	10			-62	-40	-70	64		
4248	1966	11	16	15	90	26			-54			70		
4248	1966	11	17	12	90	26			-24	-14	-65	98		
4248	1966	11	17	15	220	67			-10			99		
4248	1966	11	18	12	220	46			-64	-4	-140	96	40	
4248	1966	11	18	15	270	26			-64			88		
4248	1966	11	19	12	220	26			-50	-4	-95	85	20	
4248	1966	11	19	15	220	26			-42			76		
4248	1966	11	21	12	320	10			-34	-12	-165	70	40	
4248	1966	11	21	15	0	0			-42			73		
4248	1966	11	22	15	220	26			-88	-34	-90	70		
4248	1966	11	23	12	320	93			-12	-4	-145	99	50	
4248	1966	11	23	15	320	67			-6			93		
4248	1966	11	24	12	220	123			-10	18	-15	96		
4248	1966	11	24	15	0	0			-20			99		
4248	1966	11	25	15	320	46			-70	-10	-70	88		
4248	1966	11	26	12	90	26			-110			90		
4248	1966	11	26	15	90	26			-110			91		
4248	1966	11	28	12	220	154			-20	20	-122	88		
4248	1966	11	29	12	320	26			-72	-20	-75	92		
4248	1966	11	29	15	320	26			-72			92		
4248	1966	11	30	12	90	46			-84	70	-90	93		
4248	1966	11	30	15	90	26			-90			92		
4248	1966	12	1	12	90	26			-100	-78	-130	78		
4248	1966	12	1	15	90	26			-92			78		
4248	1966	12	2	15	320	26			16	18	-100	87		
4248	1966	12	3	12	220	26			-18	18	-35	95		
4248	1966	12	3	15	220	123			-34			99		
4248	1966	12	5	12	140	67			-120	-20	-135	72		
4248	1966	12	5	15	140	67			-114			76		
4248	1966	12	6	12	0	0			-40	-36	-125	97		
4248	1966	12	6	15	220	123			-40			93		
4248	1966	12	7	12	90	26			-82	-38	-90	80		
4248	1966	12	7	15	90	26			-94			78		
4248	1966	12	8	12	90	26			-110	-80	-120	85		
4248	1966	12	8	15	90	10			-92			85		
4248	1966	12	9	15	0	0			-18	-4	-110	85		
4248	1966	12	10	12	90	10			-50	-10	-55	75		
4248	1966	12	12	12	90	10			-148	-50	-160	69		
4248	1966	12	12	15	30	10			-140			69		
4248	1966	12	13	12	0	0			-94	-90	-160	83		
4248	1966	12	13	15	0	0			-96			86		
4248	1966	12	14	12	0	0			-100	-80	-115	85		
4248	1966	12	14	15	0	0			-102			85		
4248	1966	12	15	12	90	26			-64	-54	-130	87		
4248	1966	12	15	15	90	26			-50			85		
4248	1966	12	16	12	90	10			-70	-10	-80	82		
4248	1966	12	16	15	0	0			-68			78		
4248	1966	12	17	12	90	10			-68	-64	-80	78		
4248	1966	12	17	15	90	10			-64			75		
4248	1966	12	19	12	90	10			-84	-60	-130	78		
4248	1966	12	19	15	90	10			-92			70		
4248	1966	12	20	12	220	26			-62	-56	-105	78		
4248	1966	12	20	15	220	26			-40			78		
4248	1966	12	21	12	320	67			-40	20	-62	84		
4248	1966	12	22	12	320	26			-68	-40	-95	80		
4248	1966	12	23	12	90	26			-102	-42	-105	93		
4248	1966	12	28	12	90	26			-150	-100	-225	80		
4248	1966	12	28	15	90	26			-166			76		
4248	1966	12	29	12	90	46			-225	-140	-245	75		
4248	1966	12	29	15	90	26			-232			73		
4248	1966	12	30	15	90	26			-230	-212	-260	78		
4248	1967	1	2	12	140	123			80	90	-265	51		
4248	1967	1	2	15	140	67			80			52		
4248	1967	1	3	12	90	10			-40	90	-50	97		
4248	1967	1	4	12	50	26			-56	-40	-58	97		
4248	1967	1	4	15	50	26			-54			96		
4248	1967	1	5	12	90	10			-158	-54	-190	95		
4248	1967	1	5	15	90	10			-126			95		
4248	1967	1	6	15	0	0			-70	-68	-190	97		
4248	1967	1	7	12	0	0			80	130	-75	70		
4248	1967	1	7	15	220	26			62			78		
4248	1967	1	9	12	90	10			-36	96	-45	98		
4248	1967	1	9	15	90	10			-38			98		
4248	1967	1	10	12	90	26			-62	-30	-65	92		
4248	1967	1	10	15	0	0			-62			96		
4248	1967	1	11	12	90	26			-30	-20	-65	97		
4248	1967	1	11	15	90	10			-42			98		
4248	1967	1	12	12	0	0			-62	-30	-85	99		
4248	1967	1	12	15	320	26			-52			96		
4248	1967	1	13	15	90	10			-200	-50	-210	94		
4248	1967	1	14	12	90	26			-194	-150	-220	93		
4248	1967	1	14	15	90	26			-170			90		
4248	1967	1	16	12	90	26			-210	-170	-260	86		
4248	1967	1	16	15	90	10			-218			86		
4248	1967	1	17	12	90	46			8	10	-220	70		
4248	1967	1	17	15	0	0			14			61		
4248	1967	1	18	12	90	26			0	20	-15	61		
4248	1967	1	18	15	220	46			0			61		
4248	1967	1	19	12	90	26			-82	0	-85	88		
4248	1967	1	19	15	90	10			-94			88		
4248	1967	1	20	12	90	46			48	50	-135	48		
4248	1967	1	20	15	90	46			22			50		
4248	1967	1	21	12	140	67			30	56	-150	49		
4248	1967	1	23	12	90	26			-60	70	-60	70		
4248	1967	1	24	15	90	93			25	50	-60	45		
4248	1967	1	25	12	90	26			10	10	-10	52		
4248	1967	1	26	12	90	10			-68	10	-70	85		
4248	1967	1	26	15	0	0			-52			83		
4248	1967	1	28	12	90	10			-90			79		
4248	1967	1	28	15	90	10			-84			77		
4248	1967	1	30	15	90	26			-124	-60	-135	92		
4248	1967	1	31	12	90	10			-96	-60	-140	88		
4248	1967	1	31	15	90	10			-90			87		
4248	1967	2	1	12	140	67			-56	-48	-107	82		
4248	1967	2	1	15	140	67			-66			81		
4248	1967	2	2	12	90	26			-122			80		
4248	1967	2	2	15	90	26			-142			80		
4248	1967	2	3	12	90	26			-166			86		
4248	1967	2	3	15	220	190			-82			82		
4248	1967	2	4	12	220	154			-150	-64	-150	80		
4248	1967	2	4	15	220	123			-156			84		
4248	1967	2	6	12	220	93			-4	-4	-160	91		
4248	1967	2	6	15	220	123			-10			99		
4248	1967	2	7	12	220	226			100	106	-85	55		
4248	1967	2	7	15	220	190			74			62		
4248	1967	2	8	12	220	26			-80	100	-170	81		
4248	1967	2	8	15	90	10			-90			75		
4248	1967	2	9	12	90	26			-106	-80	-110	75		
4248	1967	2	9	15	220	46			-98			78		
4248	1967	2	11	15	90	26			-166	-90	-170	78		
4248	1967	2	13	12	90	46			-78	-56	-177	79		
4248	1967	2	13	15	320	67			20			55		
4248	1967	2	14	15	320	26			10	20	-78	70		
4248	1967	2	15	15	320	67			-64	70	-65	85		
4248	1967	2	16	12	320	26			-98	-60	-105	85		
4248	1967	2	24	12	90	26			-170	-90	-180	90		
4248	1967	2	24	15	90	10			-140			79		
4248	1967	2	25	12	90	26			-140	-120	-190	81		
4248	1967	2	25	15	90	26			-112			76		
4248	1967	2	27	12	320	46			-130	-80	-170	89		
4248	1967	2	27	15	320	67			-120			91		
4248	1967	3	1	12	90	26			-236	-80	-260	75		
4248	1967	3	1	15	90	10			-219			73		
4248	1967	3	2	12	90	10			-250	-80	-265	79		
4248	1967	3	2	15	90	10			-230			76		
4248	1967	3	3	12	90	10			-218	-80	-260	78		
4248	1967	3	3	15	90	10			-199			80		
4248	1967	3	4	12	90	10			-129	-80	-225	76		
4248	1967	3	4	15	90	10			-112			65		
4248	1967	3	6	12	90	10			-170	-54	-185	71		
4248	1967	3	6	15	90	10			-140			69		
4248	1967	3	7	12	90	10			-85	-100	-185	85		
4248	1967	3	7	15	90	10			-132			80		
4248	1967	3	8	12	90	10			-122	-85	-142	77		
4248	1967	3	8	15	180	154			-63			66		
4248	1967	3	9	12	180	123			-162	-63	-165	89		
4248	1967	3	9	15	180	154			-122			86		
4248	1967	3	10	12	90	10			-252	-122	-290	81		
4248	1967	3	10	15	90	10			-240			79		
4248	1967	3	11	12	90	10			-250	-210	-260	82		
4248	1967	3	13	12	90	10			-178	-162		82		
4248	1967	3	13	15	90	10			-161			79		
4248	1967	3	14	12	90	10			-229	-150	-245	78		
4248	1967	3	14	15	90	10			-199			79		
4248	1967	3	15	12	90	10			-130	-110	-250	68		
4248	1967	3	15	15	90	10			-112			71		
4248	1967	3	16	12	90	10			-159	-104	-210	67		
4248	1967	3	16	15	90	10			-139			66		
4248	1967	3	17	12	90	10			-163	-83	-185	71		
4248	1967	3	17	15	90	10			-133			67		
4248	1967	3	18	12	0	0			-111	-72	-170	70		
4248	1967	3	18	15	360	93			-103			86		
4248	1967	3	20	12	270	10			-124	-92	-190	83		
4248	1967	3	20	15	90	10			-141			79		
4248	1967	3	21	12	90	10			-182	-121	-210	79		
4248	1967	3	21	15	90	10			-140			70		
4248	1967	3	22	12	360	93			-76	-70	-210	80		
4248	1967	3	25	15	90	10			-151			69		
4248	1967	3	28	12	90	10			-128	-20	-230	87		
4248	1967	3	28	15	90	10			-124			85		
4248	1967	3	29	12	90	10			-80	-120	-170	67		
4248	1967	3	29	15	90	10			-80			78		
4248	1967	3	30	12	270	46			-36	-36	-115	79		
4248	1967	3	30	15	270	46			-38			85		
4248	1967	3	31	12	270	46			-82			76		
4248	1967	3	31	15	270	26			-64			74		
4248	1967	4	1	12	270	67			-62	-20	-110	83		
4248	1967	4	1	15	270	93			-62			81		
4248	1967	4	3	12	90	10			-163	-49	-195	84		
4248	1967	4	3	15	90	10			-103			69		
4248	1967	4	4	12	90	10			-30	-23	-163	82		
4248	1967	4	4	15	140	26			-16			59		
4248	1967	4	5	12	270	31			-53	-14	-71	90		
4248	1967	4	5	15	220	67			-50			74		
4248	1967	4	6	12	140	67			-22	70	-65	60		
4248	1967	4	6	15	140	46			-4			58		
4248	1967	4	7	12	90	10			-22	30	-50	92		
4248	1967	4	7	15	0	0			-13			87		
4248	1967	4	8	12	90	10			-56	-6	-60	90		
4248	1967	4	8	15	0	0			-42			92		
4248	1967	4	10	12	90	10			-104	22	-104	77		
4248	1967	4	10	15	90	26			-98			70		
4248	1967	4	11	12	90	26			-60	-10	-110	98		
4248	1967	4	11	15	90	26			-70			97		
4248	1967	4	12	12	90	10			-150	-40	-170	74		
4248	1967	4	12	15	90	10			-150			73		
4248	1967	4	13	12	90	10			-168	-134	-200	77		
4248	1967	4	13	15	90	10			-140			76		
4248	1967	4	14	12	90	10			-164	-114	-210	72		
4248	1967	4	14	15	90	10			-139			69		
4248	1967	4	15	12	90	10			-162	-111	-201	73		
4248	1967	4	16	15	90	10			-143			78		
4248	1967	4	17	12	90	10			-110	-60	-143	73		
4248	1967	4	18	12	90	10			-110	-40	-161	80		
4248	1967	4	18	15	90	10			-80			69		
4248	1967	4	19	12	90	10			-99	-50	-110	81		
4248	1967	4	19	15	90	10			-89			80		
4248	1967	4	20	12	90	10			-140	-61	-140	83		
4248	1967	4	20	15	90	10			-120			81		
4248	1967	4	22	12	90	10			-130	-10	-140	83		
4248	1967	4	22	15	90	10			-114			80		
4248	1967	4	24	12	270	10			-53	-41	-130	77		
4248	1967	4	24	15	270	5			-43			70		
4248	1967	4	25	12	0	0			-61	-43	-90	84		
4248	1967	4	25	15	270	10			-60			84		
4248	1967	4	26	12	90	10			-108			79		
4248	1967	4	26	15	90	10			-96			73		
4248	1967	4	27	12	90	10			-101	-73	-160	78		
4248	1967	4	27	15	90	10			-90			74		
4248	1967	4	28	12	90	10			-46	-42	-105	68		
4248	1967	4	29	12	270	46			-40			75		
4248	1967	4	29	15	270	46			-30			69		
4248	1967	5	2	12	270	15			-30	40	-60	70		
4248	1967	5	2	15	90	10			-50			72		
4248	1967	5	3	15	90	10			-40			70		
4248	1967	5	5	12	0	0			30	36	-60	93		
4248	1967	5	5	15	90	26			-18			97		
4248	1967	5	6	12	0	0			20	31	-18	99		
4248	1967	5	6	15	0	0			30			95		
4248	1967	5	8	12	0	0			31	40	0	81		
4248	1967	5	8	15	270	10			32			85		
4248	1967	5	9	12	0	0			10	40	10	87		
4248	1967	5	9	15	0	0			20			85		
4248	1967	5	10	12	90	10			10	32	10	90		
4248	1967	5	10	15	0	0			50			81		
4248	1967	5	11	12	90	10			50	70	10	91		
4248	1967	5	11	15	90	10			42			94		
4248	1967	5	12	15	270	10			40			99		
4248	1967	5	13	12	270	67			40	72	10	96		
4248	1967	5	13	15	0	0			50			76		
4248	1967	5	16	12	0	0			40	80	10	87		
4248	1967	5	17	12	90	10			21	20	20	99		
4248	1967	5	17	15	0	0			50			98		
4248	1967	5	18	12	0	0			112	119	21	48		
4248	1967	5	19	12	0	0			80	130	40	60		
4248	1967	5	20	12	0	0			60	82	60	76		
4248	1967	5	20	15	270	10			80			78		
4248	1967	5	22	12	0	0			40	90	40	81		
4248	1967	5	23	12	0	0			70	81	40	66		
4248	1967	5	24	12	90	10			42	100	40	70		
4248	1967	5	25	12	0	0			70	110	42	62		
4248	1967	5	26	12	0	0			41	90	41	81		
4248	1967	5	27	12	0	0			52	90	40	78		
4248	1967	5	29	12	0	0			61	91	60	79		
4248	1967	5	30	12	90	10			60	90	35	72		
4248	1967	5	31	12	90	10			40	110	30	86		
4248	1967	6	1	12	0	0			60	80	40	84		
4248	1967	6	2	12	0	0			80	90	20	66		
4248	1967	6	3	12	0	0			72	83	25	76		
4248	1967	6	5	15	90	26			58	100	30	75		
4248	1967	6	6	12	270	26			50	100	40	83		
4248	1967	6	6	15	270	123			50			84		
4248	1967	6	7	12	270	10			30	50	10	65		
4248	1967	6	8	15	90	10			50			71		
4248	1967	6	9	12	270	93			42	71	20	70		
4248	1967	6	10	12	0	0			30	70	20	69		
4248	1967	6	12	12	90	10			89	100	15	58		
4248	1967	6	13	12	0	0			120	120	70	53		
4248	1967	6	13	15	270	10			150			48		
4248	1967	6	14	12	270	10			100	150	60	74		
4248	1967	6	14	15	270	10			150			68		
4248	1967	6	15	12	270	10			60	150	40	85		
4248	1967	6	16	12	270	10			92	99	52	75		
4248	1967	6	16	15	270	10			100			74		
4248	1967	6	17	12	270	10			78	110	55	80		
4248	1967	6	17	15	270	31			90			76		
4248	1967	6	19	12	270	10			60	110	32	83		
4248	1967	6	20	12	270	10			60	80	40	82		
4248	1967	6	20	15	270	10			80			75		
4248	1967	6	21	12	270	10			72	103	50	72		
4248	1967	6	22	12	320	26			80	110	65	66		
4248	1967	6	22	15	50	10			64			81		
4248	1967	6	23	12	90	10			90	90	55	84		
4248	1967	6	23	15	90	10			92			80		
4248	1967	6	24	12	90	10			80	120	65	81		
4248	1967	6	24	15	0	0			100			84		
4248	1967	6	26	12	270	10			70	130	60	88		
4248	1967	6	26	15	270	15			80			75		
4248	1967	6	27	12	0	0			60			83		
4248	1967	6	27	15	270	10			70			81		
4248	1967	6	28	12	90	10			60	130	60	87		
4248	1967	6	28	15	90	10			68			85		
4248	1967	6	29	12	90	10			70	100	50	80		
4248	1967	6	29	15	270	10			80			77		
4248	1967	6	30	12	0	0			80	102	60	80		
4248	1967	6	30	15	270	15			80			81		
4248	1967	7	1	12	0	0			50	90	40	96		
4248	1967	7	1	15	320	10			68			96		
4248	1967	7	3	12	0	0			70	80	45	99		
4248	1967	7	4	12	0	0			73	90	66	99		
4248	1967	7	4	15	0	0			80			98		
4248	1967	7	5	12	270	10			70	90	60	98		
4248	1967	7	5	15	270	10			80			94		
4248	1967	7	6	12	270	10			82	124	54	82		
4248	1967	7	6	15	270	10			107			62		
4248	1967	7	7	12	90	10			80	107	55	66		
4248	1967	7	8	12	90	10			90	150	60	66		
4248	1967	7	8	15	270	10			140			51		
4248	1967	7	10	12	0	0			98	158		70		
4248	1967	7	10	15	270	46			110			71		
4248	1967	7	11	12	270	26			90	118	60	77		
4248	1967	7	11	15	90	10			108			70		
4248	1967	7	12	12	90	26			88	140	70	70		
4248	1967	7	12	15	90	26			124			62		
4248	1967	7	13	12	90	10			96	160	75	81		
4248	1967	7	13	15	270	10			100			80		
4248	1967	7	14	12	90	26			104	130	85	80		
4248	1967	7	15	12	90	10			100	144	70	75		
4248	1967	7	15	15	0	0			112			70		
4248	1967	7	17	12	270	10			104	146	70	90		
4248	1967	7	18	12	90	26			76	118	65	98		
4248	1967	7	18	15	90	10			90			84		
4248	1967	7	19	12	90	10			116	120	60	80		
4248	1967	7	19	15	0	0			120			81		
4248	1967	7	20	12	270	26			86	140	60	98	43	
4248	1967	7	20	15	270	26			80			99		
4248	1967	7	21	12	270	26			60	90	50	92		
4248	1967	7	21	15	270	26			70			84		
4248	1967	7	22	12	270	46			60	90	55	85	40	
4248	1967	7	22	15	270	46			74			81		
4248	1967	7	24	12	270	46			64	100	50	91	90	
4248	1967	7	24	15	270	46			70			88		
4248	1967	7	25	12	90	26			72	80	50	87		
4248	1967	7	25	15	90	15			86			85		
4248	1967	7	26	12	90	26			94	136	50	69		
4248	1967	7	26	15	90	10			114			58		
4248	1967	7	27	12	90	10			120	160	65	67		
4248	1967	7	27	15	270	46			152			60		
4248	1967	7	28	12	270	26			88	172	70	82		
4248	1967	7	28	15	270	67			90			83		
4248	1967	7	29	12	0	0			90	112	70	78		
4248	1967	7	29	15	90	10			114	140	60	64		
4248	1967	8	1	12	90	10			98	144	60	67		
4248	1967	8	1	15	90	10			130			60		
4248	1967	8	2	12	90	10			96	156	60	69		
4248	1967	8	2	15	270	26			102			76		
4248	1967	8	3	12	90	10			108	110	65	83		
4248	1967	8	3	15	270	26			110			85		
4248	1967	8	3	16	270	10			132			77		
4248	1967	8	3	17	140	26			150			62		
4248	1967	8	3	18	220	46			124			81		
4248	1967	8	4	12	270	10			94	150	75	90		
4248	1967	8	4	15	270	46			102			85		
4248	1967	8	5	15	270	26			100	110	60	86		
4248	1967	8	7	12	270	46			100	150	50	94		
4248	1967	8	7	15	270	46			110			80		
4248	1967	8	8	12	90	10			70	110	60	97	69	
4248	1967	8	8	15	90	26			70			99		
4248	1967	8	9	12	90	10			72	86	65	97	39	
4248	1967	8	9	15	90	26			80			92		
4248	1967	8	10	12	90	26			74	118	40	70		
4248	1967	8	10	15	90	26			90			62		
4248	1967	8	11	12	270	26			90	100	65	88		
4248	1967	8	11	15	270	26			100			84		
4248	1967	8	12	12	90	10			100	110	60	72		
4248	1967	8	12	15	90	10			120			66		
4248	1967	8	14	12	0	0			80	130	60	94		
4248	1967	8	15	12	0	0			102	102	65	85		
4248	1967	8	15	15	0	0			110			74		
4248	1967	8	16	12	0	0			100	130	95	80		
4248	1967	8	16	15	0	0			110			76		
4248	1967	8	17	12	270	36			65	146	65	81		
4248	1967	8	18	12	0	0			62	70	55	80		
4248	1967	8	19	12	270	46			60	100	45	80		
4248	1967	8	21	12	90	10			52	72	42	72		
4248	1967	8	21	15	90	10			73			66		
4248	1967	8	22	12	90	10			38	80	10	73		
4248	1967	8	22	15	90	10			50			63		
4248	1967	8	23	12	90	10			50	81	50	64		
4248	1967	8	23	15	90	10			68			62		
4248	1967	8	24	12	90	10			64	102	45	81		
4248	1967	8	24	15	90	10			82			69		
4248	1967	8	26	12	90	26			50	100	25	74		
4248	1967	8	26	15	90	26			74			66		
4248	1967	8	28	12	0	0			61	115	70	85		
4248	1967	8	28	15	90	10			84			80		
4248	1967	8	29	15	90	26			70	100	45	90		
4248	1967	8	30	12	90	26			70	80	56	90		
4248	1967	8	31	12	320	46			60	100	55	91		
4248	1967	8	31	15	320	26			68			93		
4248	1967	9	1	12	90	10			40	70	35	99		
4248	1967	9	2	12	270	10			50	105	35	82		
4248	1967	9	2	15	270	10			68			77		
4248	1967	9	4	12	0	0			60	100	40	74		
4248	1967	9	4	15	270	10			62			76		
4248	1967	9	5	12	0	0			99	110	60	61		
4248	1967	9	6	12	270	10			60	120	40	81		
4248	1967	9	6	15	270	10			80			76		
4248	1967	9	7	12	90	10			56	90	45	90		
4248	1967	9	7	15	90	10			70			85		
4248	1967	9	8	12	90	26			56	85	50	98		
4248	1967	9	8	15	90	10			64			95		
4248	1967	9	9	12	0	0			75	80	50	92		
4248	1967	9	9	15	220	46			86			91		
4248	1967	9	11	12	320	46			28	100	20	71		
4248	1967	9	11	15	0	0			20			84		
4248	1967	9	12	12	270	0			30	35	15	81		
4248	1967	9	13	12	90	10			20	40	10	97		
4248	1967	9	13	15	90	10			20			83		
4248	1967	9	14	12	90	26			-10	40	-10	67		
4248	1967	9	15	12	90	10			-23	10	-40	75		
4248	1967	9	16	12	90	10			-25	15	-40	74		
4248	1967	9	18	12	180	123			62	62	-40	66		
4248	1967	9	19	12	0	0			32	62	30	78		
4248	1967	9	20	12	0	0			10	32	0	99		
4248	1967	9	21	12	270	123			50	50	10	78		
4248	1967	9	22	12	220	93			60	60	12	98		
4248	1967	9	23	12	0	0			10	60	10	70		
4248	1967	9	25	12	270	10			70	70	10	95		
4248	1967	9	26	12	0	0			40	70	11	98		
4248	1967	9	27	12	0	0			50	80	40	94		
4248	1967	10	2	15	270	10			0	40	-10	98		
4248	1967	10	3	12	270	26			20	60		80		
4248	1967	10	3	15	90	10			20			88		
4248	1967	10	4	12	90	10			-30	20	-40	90		
4248	1967	10	5	12	90	26			-50	-20	-55	94		
4248	1967	10	5	15	90	10			-30			90		
4248	1967	10	6	12	0	0			-14	-14	-55	95		
4248	1967	10	7	15	90	10			6	6	-15	98		
4248	1967	10	9	12	0	0			-20			85		
4248	1967	10	9	15	90	10			-20			82		
4248	1967	10	10	12	90	10			-20	-10	-25	99		
4248	1967	10	10	15	0	0			-18			95		
4248	1967	10	12	12	90	26			-56	-5	-65	79		
4248	1967	10	12	15	90	26			-46			76		
4248	1967	10	13	15	90	10			-58	25	-80	75		
4248	1967	10	14	12	90	10			-84	-50	-90	80		
4248	1967	10	16	12	90	10			-44	-30	-85	85		
4248	1967	10	16	15	0	0			-30			83		
4248	1967	10	17	12	0	0			-32	-25	-55	88		
4248	1967	10	17	15	0	0			-10			83		
4248	1967	10	18	12	0	0			30	-10	-40	93		
4248	1967	10	19	12	0	0			-10	30	-25	90		
4248	1967	10	19	15	0	0			0			92		
4248	1967	10	20	12	0	0			-45	1	-50	76		
4248	1967	10	20	15	0	0			-20			66		
4248	1967	10	21	12	140	93			60	70	-50	66		
4248	1967	10	23	12	0	0			-20			98		
4248	1967	10	23	15	90	10			-10			98		
4248	1967	10	24	12	90	26			-42	70	-45	78		
4248	1967	10	25	12	90	10			-76			81		
4248	1967	10	25	15	0	0			-62			75		
4248	1967	10	26	12	320	67			-54	-40	-80	63		
4248	1967	10	26	15	320	93			-60			60		
4248	1967	10	27	12	90	26			-114	-60	-120	68		
4248	1967	10	27	15	90	26			-110			64		
4248	1967	10	28	12	90	26			-52	-50	-115	99		
4248	1967	10	28	15	0	0			-20			95		
4248	1967	10	30	12	90	46			-48	10	-60	95		
4248	1967	10	30	15	90	26			-50			94		
4248	1967	10	31	15	90	26			-110			82		
4248	1967	12	1	12	90	10			-132	11	-245	68		
4248	1967	12	1	15	90	10			-132			70		
4248	1967	12	2	12	90	26			-180	-130	-195	74		
4248	1967	12	4	15	90	10			-201			79		
4248	1967	12	5	12	90	26			-174	-150	-215	73		
4248	1967	12	5	15	90	26			-170			72		
4248	1967	12	6	12	90	26			-132	-120	-180	75		
4248	1967	12	7	15	90	10			-101			95		
4248	1967	12	8	12	0	0			55	60	-145	73		
4248	1967	12	9	12	270	67			-10	55	-16	89		
4248	1967	12	11	12	90	10			-110	-10	-120	86		
4248	1967	12	11	15	90	10			-110			82		
4248	1967	12	12	12	90	10			-150	-110	-170	85		
4248	1967	12	12	15	90	26			-146			82		
4248	1967	12	13	12	90	26			-180	-145	-195	83		
4248	1967	12	14	12	90	26			-170	-160	-195	80		
4248	1967	12	14	15	90	26			-156			80		
4248	1967	12	15	12	90	26			-96	-70	-170	84		
4248	1967	12	15	15	90	10			-80			77		
4248	1967	12	16	12	90	26			20	35	-105	67		
4248	1967	12	16	15	90	10			10			69		
4248	1967	12	18	15	270	10			90			59		
4248	1967	12	19	12	90	10			-30	90	-45	75		
4248	1967	12	19	15	90	10			-40			76		
4248	1967	12	20	12	90	26			-36	-25	-80	70		
4248	1967	12	20	15	90	10			-33			65		
4248	1967	12	21	12	90	10			-80	-10	-95	72		
4248	1967	12	22	12	0	0			-90	-80	-160	80		
4248	1967	12	23	12	270	67			20	80	-120	80		
4248	1967	12	23	15	270	93			24			72		
4248	1967	12	27	12	90	10			-74	30	-195	70		
4248	1967	12	27	15	0	0			-12			70		
4248	1967	12	28	12	90	46			-74	20	-110	76		
4248	1967	12	28	15	90	26			-100			81		
4248	1967	12	29	12	320	46			-114	-74	-215	91		
4248	1967	12	29	15	90	46			-120			93		
4248	1967	12	30	12	320	46			-140	-100	-140	76		
4248	1967	12	30	15	90	46			-160			86		
4248	1968	1	2	12	90	26			-116	-110	-235	69		
4248	1968	1	2	15	90	26			-90			65		
4248	1968	1	3	12	90	26			-66	0	-130	59		
4248	1968	1	3	15	90	10			-50			65		
4248	1968	1	4	15	220	46			-50	-15	-85	51		
4248	1968	1	5	12	90	26			-120	-50	-125	62		
4248	1968	1	5	15	90	26			-110			63		
4248	1968	1	6	12	90	10			-100	-70	-130	63		
4248	1968	1	8	12	90	26			-64	-45	-135	63		
4248	1968	1	8	15	90	10			-93			63		
4248	1968	1	9	12	90	10			-25	25	-120	60		
4248	1968	1	9	15	90	10			-22			66		
4248	1968	1	10	12	90	46			55	60	-50	60		
4248	1968	1	10	15	90	123			10			77		
4248	1968	1	11	12	90	26			-4	55	-35	60		
4248	1968	1	11	15	0	0			-30			65		
4248	1968	1	13	12	90	10			-131	-92	-141	69		
4248	1968	1	15	12	90	26			-150	-125	-190	78		
4248	1968	1	15	15	90	26			-134			74		
4248	1968	1	16	15	90	26			-136	-115	-160	72		
4248	1968	1	17	15	90	10			-164			79		
4248	1968	1	18	12	90	10			-192	-163	-251	81		
4248	1968	1	19	12	90	10			-91			78		
4248	1968	1	20	12	90	10			-131	-80	-142	76		
4248	1968	1	20	15	90	10			-132			79		
4248	1968	1	22	12	90	10			-121	-92	-161	79		
4248	1968	1	22	15	90	10			-91			74		
4248	1968	1	23	12	90	26			-50	-20	-125	99		
4248	1968	1	23	15	140	154			2			84		
4248	1968	1	24	12	320	123			76	76	-80	84		
4248	1968	1	25	15	90	10			-90			80		
4248	1968	1	26	12	90	26			-80	20	-170	89		
4248	1968	1	26	15	320	123			-72			87		
4248	1968	1	29	12	90	26			-256	-55	-275	79		
4248	1968	1	29	15	90	26			-258			80		
4248	1968	1	30	12	90	26			-302	-245	-310	80		
4248	1968	1	30	15	90	10			-291			79		
4248	1968	1	31	12	90	26			-194	-175	-310	80		
4248	1968	2	1	12	320	46			-118	-75	-195	80		
4248	1968	2	1	15	320	46			-122			78		
4248	1968	2	2	12	320	123			-101	-101	-190	96		
4248	1968	2	2	15	320	123			-118			90		
4248	1968	2	3	12	320	26			-166	-80	-170	78		
4248	1968	2	5	12	320	190			-66	-20		95		
4248	1968	2	5	15	320	154			-80			85		
4248	1968	2	6	12	90	26			-152	-65	-175	81		
4248	1968	2	6	15	90	26			-164			84		
4248	1968	2	7	12	0	0			-76	-70	-175	80		
4248	1968	2	7	15	90	26			-88			85		
4248	1968	2	8	12	0	0			0	5	-90	87		
4248	1968	2	8	15	0	0			16			81		
4248	1968	2	9	12	320	93			-12	35	-70	78		
4248	1968	2	9	15	220	93			-24			76		
4248	1968	2	10	12	0	0			-72	-10	-75	95		
4248	1968	2	12	12	220	93			14	25	-75	96		
4248	1968	2	12	15	220	93			14			95		
4248	1968	2	13	12	320	46			-104	15	-130	99		
4248	1968	2	13	15	320	26			-100			99		
4248	1968	2	14	15	0	0			-60	-50	-105	99		
4248	1968	2	15	15	0	0			-32	35	-110	91		
4248	1968	2	16	12	140	67			56	65	-50	55		
4248	1968	2	16	15	140	26			60			58		
4248	1968	2	17	12	220	67			-16	75	-75	83		
4248	1968	2	17	15	220	26			-22			80		
4248	1968	2	19	12	220	26			32	90	-55	65		
4248	1968	2	19	15	220	26			30			72		
4248	1968	2	20	12	220	10			32	70		56		
4248	1968	2	21	12	90	10			-41			64		
4248	1968	2	21	15	90	10			-20			80		
4248	1968	2	22	12	0	0			-10			76		
4248	1968	2	22	15	90	10			-21			81		
4248	1968	2	23	12	270	123			-21			54		
4248	1968	2	24	15	90	10			-101			64		
4248	1968	2	26	12	90	10			-112			84		
4248	1968	2	26	15	90	10			-110			88		
4248	1968	2	27	12	90	26			-192			86		
4248	1968	2	28	12	90	10			-200	-120	-211	76		
4248	1968	2	28	15	90	10			-210			76		
4248	1968	2	29	15	180	93			-140			77		
4248	1968	3	1	15	270	123			-70			96		
4248	1968	3	2	12	90	10			-21	-21	-150	95		
4248	1968	3	4	12	0	0			-61			99		
4248	1968	3	4	15	0	0			-40			98		
4248	1968	3	5	12	0	0			-30	-25	-70	91		
4248	1968	3	5	15	0	0			-11			98		
4248	1968	3	6	12	270	10			-11	20	-30	97		
4248	1968	3	6	15	270	10			-20			99		
4248	1968	3	7	12	90	10			-74	65	-74	97		
4248	1968	3	7	15	270	93			-72			87		
4248	1968	3	8	15	0	0			-60			96		
4248	1968	3	9	12	0	0			-51			98		
4248	1968	3	9	15	0	0			-31			96		
4248	1968	3	11	12	230	154			-44	25	-63	82		
4248	1968	3	12	12	0	0			-76	-44	-100	85		
4248	1968	3	12	15	0	0			-84			86		
4248	1968	3	13	12	220	93			-46	-30	-90	92		
4248	1968	3	13	15	220	154			-74			90		
4248	1968	3	14	12	90	10			-180	-46	-190	78		
4248	1968	3	14	15	90	10			-146			70		
4248	1968	3	15	15	90	26			-116			80		
4248	1968	3	16	12	270	93			-122	-95	-146	80		
4248	1968	3	16	15	270	67			-119			77		
4248	1968	3	18	12	90	10			-234	-120	-245	79		
4248	1968	3	19	12	90	10			-240	-185	-260	77		
4248	1968	3	19	15	90	10			-202			76		
4248	1968	3	20	12	90	26			-202	-180	-240	81		
4248	1968	3	20	15	90	26			-186			78		
4248	1968	3	21	12	90	26			-238	-180	-265	80		
4248	1968	3	22	12	90	10			-212	-195	-240	80		
4248	1968	3	22	15	90	10			-210			80		
4248	1968	3	23	12	90	26			-232	-180	-270	82		
4248	1968	3	25	12	90	26			-170	-145	-270	82		
4248	1968	3	25	15	90	26			-146			78		
4248	1968	3	26	12	90	10			-160	-130	-180	88		
4248	1968	3	26	15	90	10			-136			84		
4248	1968	3	27	12	90	10			-190	-125	-245	80		
4248	1968	3	27	15	90	10			-176			77		
4248	1968	3	28	12	90	10			-186	-160	-260	75		
4248	1968	3	28	15	90	10			-178			72		
4248	1968	3	29	12	90	10			-199	-160	-230	74		
4248	1968	3	29	15	90	10			-162			71		
4248	1968	3	30	12	90	10			-120	-115	-200	72		
4248	1968	4	1	12	0	0			-74	-70	-145	72		
4248	1968	4	1	15	0	0			-42			67		
4248	1968	4	2	12	0	0			-32	-30	-90	78		
4248	1968	4	2	15	0	0			-10			70		
4248	1968	4	3	12	90	10			-74	-10	-100	82		
4248	1968	4	3	15	90	10			-40			79		
4248	1968	4	4	12	90	10			-4	0	-120	58		
4248	1968	4	4	15	90	10			10			58		
4248	1968	4	5	12	90	10			-10	10	-45	78		
4248	1968	4	5	15	90	10			4			77		
4248	1968	4	6	12	90	10			-18	20	-55	86		
4248	1968	4	6	15	90	10			-16			88		
4248	1968	4	8	12	90	26			26	75	-18	60		
4248	1968	4	8	15	90	10			90			48		
4248	1968	4	9	12	90	10			-14	90	-60	77		
4248	1968	4	9	15	90	10			-4			75		
4248	1968	4	10	12	90	10			-46	10	-100	74		
4248	1968	4	10	15	90	10			-30			73		
4248	1968	4	13	12	90	10			-44	0	-125	78		
4248	1968	4	13	15	90	10			-40			74		
4248	1968	4	16	12	90	26			-48			74		
4248	1968	4	16	15	90	10			-22			74		
4248	1968	4	17	12	220	46			34	35	-55	84		
4248	1968	4	17	15	220	46			10			90		
4248	1968	4	18	12	0	0			-30	35	-40	88		
4248	1968	4	18	15	90	26			-34			86		
4248	1968	4	19	12	90	10			-24	-20	-70	85		
4248	1968	4	19	15	320	26			-12			78		
4248	1968	4	20	12	320	26			-24	0	-45	70		
4248	1968	4	20	15	320	10			-24			65		
4248	1968	4	22	12	90	26			-40	15	-55	90		
4248	1968	4	22	15	90	10			-22			82		
4248	1968	4	23	12	90	46			-92	0	-100	75		
4248	1968	4	23	15	90	46			-80			75		
4248	1968	4	24	12	0	0			-76	-70	-110	80		
4248	1968	4	24	15	90	46			-76			92		
4248	1968	4	25	12	0	0			-10	-5	-80	88		
4248	1968	4	25	15	0	0			2			90		
4248	1968	4	26	12	320	46			-36	5	-50	88		
4248	1968	4	26	15	320	26			-24			74		
4248	1968	4	27	12	90	46			-66	-10	-125	70		
4248	1968	4	27	15	320	26			-32			66		
4248	1968	4	29	12	320	46			20	30	-70	85		
4248	1968	4	29	15	320	26			26			86		
4248	1968	4	30	12	220	67			30	32	5	85		
4248	1968	4	30	15	220	26			38			84		
4248	1968	5	1	12	0	0			14	15	5	98		
4248	1968	5	1	15	0	0			30			84		
4248	1968	5	2	12	0	0			14	30	0	92		
4248	1968	5	2	15	0	0			20			90		
4248	1968	5	3	15	0	0			33			84		
4248	1968	5	4	12	0	0			30	35	0	86		
4248	1968	5	4	15	270	26			46			84		
4248	1968	5	6	12	270	46			28	65	0	90		
4248	1968	5	6	15	270	26			40			87		
4248	1968	5	7	12	0	0			26	40	0	89		
4248	1968	5	7	15	0	0			34			85		
4248	1968	5	8	12	0	0			-8	50	-20	99		
4248	1968	5	9	12	270	10			10	10	-10	94		
4248	1968	5	9	15	270	10			20			85		
4248	1968	5	11	12	0	0			42	42	10	86		
4248	1968	5	11	15	0	0			36			85		
4248	1968	5	13	12	0	0			34	60	5	85		
4248	1968	5	13	15	220	26			2			75		
4248	1968	5	14	12	90	10			18			85		
4248	1968	5	14	15	270	10			44			66		
4248	1968	5	15	12	90	26			16	55	0	70		
4248	1968	5	15	15	90	26			34			57		
4248	1968	5	16	15	270	26			58	65	-15	53		
4248	1968	5	17	12	0	0			60	70	-10	66		
4248	1968	5	17	15	0	0			82			62		
4248	1968	5	18	12	0	0			74	107	15	73		
4248	1968	5	18	15	0	0			118			63		
4248	1968	5	20	12	0	0			90	125	10	66		
4248	1968	5	20	15	270	26			98			66		
4248	1968	5	21	12	90	10			51	98	21	69		
4248	1968	5	21	15	270	10			101			62		
4248	1968	5	22	12	270	10			100	111	10	83		
4248	1968	5	22	15	270	10			120			78		
4248	1968	5	24	12	0	0			70	120	30	83		
4248	1968	5	25	12	0	0			50	105	25	83		
4248	1968	5	25	15	270	10			70			80		
4248	1968	5	27	12	0	0			90	90	70	78		
4248	1968	5	27	15	270	10			110			73		
4248	1968	5	28	12	270	10			41	110	30	85		
4248	1968	5	28	15	270	46			43			80		
4248	1968	5	29	12	270	46			12	43	-10	79		
4248	1968	5	29	15	270	10			44			75		
4248	1968	5	30	12	90	10			32	44	12	85		
4248	1968	5	30	15	0	0			82			74		
4248	1968	5	31	15	270	10			112			65		
4248	1968	6	1	12	90	10			41	120	41	88		
4248	1968	6	4	12	270	26			26	90	20	89		
4248	1968	6	4	15	270	26			34			86		
4248	1968	6	5	12	270	26			20	34	5	90		
4248	1968	6	5	15	270	46			34			82		
4248	1968	6	6	12	90	10			60	60	15	77		
4248	1968	6	6	15	90	10			74			70		
4248	1968	6	7	12	90	26			78	100	45	61		
4248	1968	6	7	15	90	26			104			58		
4248	1968	6	8	12	90	10			118	120	50	48		
4248	1968	6	8	15	90	10			132			46		
4248	1968	6	10	12	270	46			82	150	55	78		
4248	1968	6	11	12	90	26			78	105	45	81		
4248	1968	6	11	15	270	26			98			72		
4248	1968	6	12	12	270	46			38	98	35	87		
4248	1968	6	12	15	270	46			54			85		
4248	1968	6	13	12	90	26			46	65	30	81		
4248	1968	6	13	15	270	46			62			79		
4248	1968	6	14	12	270	46			58	62	45	84		
4248	1968	6	14	15	270	26			80			75		
4248	1968	6	17	12	270	26			104	170	58	68		
4248	1968	6	17	15	270	46			120			64		
4248	1968	6	18	12	270	46			90	135	70	70		
4248	1968	6	18	15	270	26			92			74		
4248	1968	6	19	12	90	26			80	92	50	80		
4248	1968	6	19	15	90	26			100			70		
4248	1968	6	20	12	90	10			104	105	65	65		
4248	1968	6	21	12	90	26			114	125	65	65		
4248	1968	6	21	15	0	0			144			58		
4248	1968	6	22	12	90	10			118	180	80	66		
4248	1968	6	22	15	90	10			150			60		
4248	1968	6	24	12	270	26			60	175	50	85		
4248	1968	6	24	15	270	26			76			82		
4248	1968	6	25	12	270	26			54	90	40	88		
4248	1968	6	25	15	270	10			72			84		
4248	1968	6	26	12	270	26			70	72	45	82		
4248	1968	6	26	15	270	46			96			75		
4248	1968	6	27	12	270	26			74	110	50	73		
4248	1968	6	27	15	270	26			76			75		
4248	1968	6	28	12	90	10			54	95	40	91		
4248	1968	6	28	15	90	10			62			90		
4248	1968	6	29	12	220	67			78	80	50	86		
4248	1968	6	29	15	270	154			82			90		
4248	1968	7	1	12	90	26			100	100	65	85		
4248	1968	7	1	15	90	26			118			77		
4248	1968	7	2	12	90	26			104	120	65	77		
4248	1968	7	2	15	270	46			114			74		
4248	1968	7	3	12	0	0			121	150	90	75		
4248	1968	7	3	15	270	46			118			76		
4248	1968	7	4	12	0	0			110	120	60	82		
4248	1968	7	4	15	90	26			122			78		
4248	1968	7	5	12	0	0			118	155	90	82		
4248	1968	7	6	12	90	10			132	140	95	73		
4248	1968	7	6	15	0	0			141			66		
4248	1968	7	8	12	90	10			111	121	80	85		
4248	1968	7	8	15	270	10			124			82		
4248	1968	7	9	12	0	0			111	129	85	84		
4248	1968	7	9	15	270	10			121			79		
4248	1968	7	10	12	90	10			108	125	80	78		
4248	1968	7	10	15	90	10			122			70		
4248	1968	7	11	12	90	10			90	150	80	88		
4248	1968	7	11	15	270	10			110			90		
4248	1968	7	12	12	90	10			92	110	80	95		
4248	1968	7	13	12	270	46			88			92		
4248	1968	7	15	12	90	10			130	130	60	66		
4248	1968	7	15	15	270	26			124			72		
4248	1968	7	16	12	270	10			110	155	90	79		
4248	1968	7	16	15	270	26			140			70		
4248	1968	7	17	12	270	10			100	145	85	84		
4248	1968	7	17	15	0	0			122			76		
4248	1968	7	18	12	0	0			90	122	75	88		
4248	1968	7	19	12	90	10			116	150	90	70		
4248	1968	7	19	15	270	26			158			61		
4248	1968	7	20	12	0	0			166	190	95	55		
4248	1968	7	20	15	270	26			160			64		
4248	1968	7	22	12	270	26			90	165	65	85		
4248	1968	7	23	12	90	10			74	165	55	88		
4248	1968	7	25	12	90	10			100	150	60	76		
4248	1968	7	26	15	270	10			110	145	75	84		
4248	1968	7	27	12	90	26			104	140	85	78		
4248	1968	7	27	15	90	10			120			74		
4248	1968	7	29	12	90	26			64	145	60	92		
4248	1968	7	29	15	90	46			78			88		
4248	1968	7	30	12	270	67			110	110	60	88		
4248	1968	7	30	15	270	67			106			90		
4248	1968	7	31	12	270	26			92	115	70	99		
4248	1968	7	31	15	270	46			92			98		
4248	1968	8	1	12	90	26			70	95	50	95		
4248	1968	8	1	15	90	46			80			86		
4248	1968	8	2	15	270	123			76	130	50	82		
4248	1968	8	3	12	90	26			74	75	50	82		
4248	1968	8	3	15	90	26			80			82		
4248	1968	8	5	12	270	26			94	100	65	90		
4248	1968	8	5	15	270	46			86			93		
4248	1968	8	6	12	90	26			66	100	50	95		
4248	1968	8	6	15	90	10			82			90		
4248	1968	8	7	12	0	0			76	90	35	83		
4248	1968	8	7	15	0	0			80			84		
4248	1968	8	12	12	90	26			120	225	50	55		
4248	1968	8	12	15	0	0			136			62		
4248	1968	8	13	12	0	0			92	150	60	82		
4248	1968	8	13	15	270	26			118			75		
4248	1968	8	14	12	0	0			130	135	50	68		
4248	1968	8	14	15	270	26			114			74		
4248	1968	8	15	12	0	0			100	130	60	69		
4248	1968	8	15	15	0	0			108			63		
4248	1968	8	16	12	0	0			92	165	60	76		
4248	1968	8	16	15	270	26			96			84		
4248	1968	8	17	12	270	26			70	96	45	90		
4248	1968	8	19	12	0	0			76	90	45	82		
4248	1968	8	19	15	270	26			94			78		
4248	1968	8	20	12	270	10			70	105	60	90		
4248	1968	8	20	15	270	10			80			88		
4248	1968	8	21	12	90	46			90	90	45	51		
4248	1968	8	21	15	90	10			100			53		
4248	1968	8	22	12	270	26			45	100	45	89		
4248	1968	8	22	15	270	26			56			86		
4248	1968	8	23	12	90	10			32	70	30	84		
4248	1968	8	23	15	90	10			50			92		
4248	1968	8	24	12	90	26			50	55	15	66		
4248	1968	8	24	15	90	10			78			61		
4248	1968	8	26	12	90	26			40	100	20	93		
4248	1968	8	26	15	90	10			56			88		
4248	1968	8	27	12	90	26			52	56	35	87		
4248	1968	8	27	15	90	26			68			86		
4248	1968	8	28	12	270	10			70	100	50	81		
4248	1968	8	29	12	90	26			60	70	45	74		
4248	1968	8	30	12	0	0			60	80	50	95		
4248	1968	8	30	15	0	0			70			96		
4248	1968	8	31	12	90	10			66	75	35	82		
4248	1968	9	2	12	90	26			76	75	40	60		
4248	1968	9	2	15	90	46			90			54		
4248	1968	9	3	15	0	0			64	90	40	58		
4248	1968	9	4	12	90	10			28	64	20	82		
4248	1968	9	4	15	270	10			44			84		
4248	1968	9	5	12	90	26			16	44	0	66		
4248	1968	9	5	15	270	10			50			55		
4248	1968	9	6	12	0	0			40	70	10	65		
4248	1968	9	6	15	270	10			71			58		
4248	1968	9	7	12	0	0			71	90	10	76		
4248	1968	9	7	15	90	10			80			76		
4248	1968	9	9	12	0	0			72	80	60	81		
4248	1968	9	9	15	270	93			89			78		
4248	1968	9	10	12	90	10			52	95	50	94		
4248	1968	9	10	15	90	10			62			92		
4248	1968	9	11	12	90	10			40	85	25	88		
4248	1968	9	11	15	90	10			53			81		
4248	1968	9	12	12	0	0			52	60	25	83		
4248	1968	9	12	15	270	10			63			78		
4248	1968	9	13	15	90	10			132			54		
4248	1968	9	14	12	90	10			70	150	40	80		
4248	1968	9	14	15	90	10			82			73		
4248	1968	9	16	15	270	46			76	82	50	84		
4248	1968	9	17	12	270	10			32	85	30	99		
4248	1968	9	17	15	270	10			38			99		
4248	1968	9	18	12	90	26			36	70	20	94		
4248	1968	9	18	15	0	0			80			68		
4248	1968	9	19	12	0	0			82	90	30	99		
4248	1968	9	19	15	270	46			76			99		
4248	1968	9	20	12	270	46			60	82	55	96		
4248	1968	9	20	15	270	123			60			94		
4248	1968	9	21	12	270	67			46	70	30	85		
4248	1968	9	21	15	270	67			48			78		
4248	1968	9	23	12	270	26			12	48	0	67		
4248	1968	9	23	15	90	26			18			66		
4248	1968	9	24	12	90	46			54	80	5	54		
4248	1968	9	24	15	90	26			74			48		
4248	1968	9	25	12	90	26			24	90	20	66		
4248	1968	9	25	15	90	10			58			58		
4248	1968	9	26	12	0	0			20	58	0	74		
4248	1968	9	26	15	90	10			25			78		
4248	1968	9	27	15	90	10			12			75		
4248	1968	9	28	12	90	10			-10	32	-15	60		
4248	1968	9	28	15	90	10			15			54		
4248	1968	9	30	12	90	10			-20	40	-45	70		
4248	1968	10	1	12	0	0			-10	40	-20	66		
4248	1968	10	1	15	0	0			20			54		
4248	1968	10	2	15	90	10			10			66		
4248	1968	10	4	12	90	10			-10	10	-15	66		
4248	1968	10	4	15	90	10			16			65		
4248	1968	10	5	12	90	10			10			66		
4248	1968	10	5	15	270	67			50			59		
4248	1968	10	7	12	0	0			20	70	0	76		
4248	1968	10	8	12	0	0			10	25	0	83		
4248	1968	10	9	15	90	46			-15			98		
4248	1968	10	10	15	90	10			-40			99		
4248	1968	10	11	12	0	0			-60			99		
4248	1968	10	11	15	0	0			-50			90		
4248	1968	10	12	12	0	0			-65			98		
4248	1968	10	12	15	0	0			-50			99		
4248	1968	10	14	12	90	10			-64			74		
4248	1968	10	14	15	90	26			50			68		
4248	1968	10	15	15	90	10			4	50	-64	64		
4248	1968	10	16	12	270	46			40	60	-35	62		
4248	1968	10	16	15	0	0			62			68		
4248	1968	10	17	12	90	10			10			78		
4248	1968	10	17	15	90	10			20			66		
4248	1968	10	18	12	0	0			-30			94		
4248	1968	10	18	15	90	10			-14			93		
4248	1968	10	19	12	0	0			-58			99		
4248	1968	10	19	15	0	0			-42			99		
4248	1968	10	21	12	0	0			-30			60		
4248	1968	10	21	15	0	0			80			88		
4248	1968	10	22	12	90	10			-30	100	-35	92		
4248	1968	10	22	15	0	0			3			91		
4248	1968	10	23	12	0	0			40	40	-30	99		
4248	1968	10	23	15	270	26			30			99		
4248	1968	10	24	12	0	0			0	40	0	99		
4248	1968	10	24	15	0	0			-3			99		
4248	1968	10	25	12	90	26			-50	0	-60	99		
4248	1968	10	25	15	90	26			-40			96		
4248	1968	10	26	12	90	10			-65	0	-70	94		
4248	1968	10	26	15	90	10			-50			86		
4248	1968	10	28	12	0	0			-48	10	-90	80		
4248	1968	10	28	15	90	26			-42			78		
4248	1968	10	29	12	0	0			-30	-30	-50	80		
4248	1968	10	29	15	0	0			-16			74		
4248	1968	10	30	12	0	0			-50			75		
4248	1968	10	30	15	0	0			-36			78		
4248	1968	10	31	12	90	10			-42			76		
4248	1968	10	31	15	270	10			-10			67		
4248	1968	11	1	12	270	10			-40	-40	-55	76		
4248	1968	11	1	15	90	26			-34			74		
4248	1968	11	2	12	90	10			-50	-34	-70	78		
4248	1968	11	2	15	90	10			-40			76		
4248	1968	11	4	12	90	10			-60	-40	-70	77		
4248	1968	11	4	15	90	10			-50			76		
4248	1968	11	5	12	90	26			-74	-50	-80	78		
4248	1968	11	5	15	90	26			-72			78		
4248	1968	11	6	12	90	26			-96	-72	-100	78		
4248	1968	11	6	15	90	10			-86			76		
4248	1968	11	7	12	90	10			-86	-85	-105	80		
4248	1968	11	7	15	90	10			-74			80		
4248	1968	11	8	12	90	10			-88	-74	-100	80		
4248	1968	11	8	15	90	10			-83			76		
4248	1968	11	9	12	90	10			-108	-83	-110	81		
4248	1968	11	9	15	90	10			-98			80		
4248	1968	11	11	12	90	26			-80	-75	-115	85		
4248	1968	11	11	15	90	26			-78			84		
4248	1968	11	12	12	90	26			-118	-78	-130	82		
4248	1968	11	12	15	90	26			-116			84		
4248	1968	11	13	12	90	10			-130	-116	-145	81		
4248	1968	11	13	15	90	10			-110			84		
4248	1968	11	14	12	90	10			-140	-110	-145	80		
4248	1968	11	14	15	90	10			-130			80		
4248	1968	11	15	12	90	26			-136	-130	-140	80		
4248	1968	11	15	15	90	10			-112			74		
4248	1968	11	16	12	90	26			-114	-110	-150	80		
4248	1968	11	16	15	90	26			-100			77		
4248	1968	11	18	12	0	0			-42	-42	-135	86		
4248	1968	11	18	15	90	10			-30			85		
4248	1968	11	19	12	0	0			-70	-30	-80	82		
4248	1968	11	19	15	0	0			-63			83		
4248	1968	11	20	12	90	10			-112	-63	-125	89		
4248	1968	11	20	15	90	10			-100			88		
4248	1968	11	21	12	90	10			30	30	-120	56		
4248	1968	11	22	12	90	10			-32	50	-45	65		
4248	1968	11	22	15	90	10			-33			68		
4248	1968	11	23	12	0	0			-54	-32	-70	79		
4248	1968	11	23	15	0	0			-50			78		
4248	1968	11	25	12	90	10			-30	-30	-130	76		
4248	1968	11	25	15	90	10			-133			76		
4248	1968	11	26	12	0	0			-150	-30	-165	80		
4248	1968	11	26	15	90	10			-150			78		
4248	1968	11	27	12	0	0			-41	-40	-150	96		
4248	1968	11	27	15	90	46			-40			86		
4248	1968	11	28	15	270	46			10			85		
4248	1968	11	29	12	180	46			-20	40		50		
4248	1968	11	29	15	90	10			-13			47		
4248	1968	11	30	12	180	21			-45			49		
4248	1968	11	30	15	180	10			-50			50		
4248	1968	12	2	12	90	10			-54			74		
4248	1968	12	2	15	90	10			-10			78		
4248	1968	12	3	12	0	0			-50	45	-54	88		
4248	1968	12	3	15	90	10			-40			90		
4248	1968	12	4	12	90	10			-50	-40	-55	99		
4248	1968	12	4	15	90	10			-48			99		
4248	1968	12	5	12	90	15			-50	-45	-55	72		
4248	1968	12	5	15	90	26			-54			72		
4248	1968	12	6	12	90	26			-108	-50	-115	82		
4248	1968	12	6	15	90	26			-110			86		
4248	1968	12	7	12	90	46			-88	-85	-115	86		
4248	1968	12	7	15	90	26			-82			85		
4248	1968	12	9	12	90	26			-74	-70	-90	91		
4248	1968	12	9	15	90	26			-70			90		
4248	1968	12	10	15	90	10			-110			84		
4248	1968	12	11	12	90	10			-100			92		
4248	1968	12	12	15	90	46			-96	-50	-110	88		
4248	1968	12	13	12	90	26			-118	-96	-150	84		
4248	1968	12	13	15	90	26			-120			88		
4248	1968	12	14	12	90	46			-140	-118	-170	86		
4248	1968	12	14	15	90	26			-130			88		
4248	1968	12	16	12	90	46			-146	-120	-170	82		
4248	1968	12	16	15	90	26			-138			84		
4248	1968	12	17	12	90	26			-140	-130	-160	90		
4248	1968	12	17	15	90	26			-150			90		
4248	1968	12	18	12	90	26			-100	-100	-160	80		
4248	1968	12	18	15	0	0			-72			76		
4248	1968	12	19	12	90	26			-74	-60	-100	94		
4248	1968	12	19	15	90	10			-95			90		
4248	1968	12	20	12	90	46			-154	-70	-164	84		
4248	1968	12	20	15	90	26			-160			84		
4248	1968	12	21	12	90	26			-160	-150	-190	80		
4248	1968	12	21	15	90	26			-180			80		
4248	1968	12	23	12	90	26			-168	-160	-200	80		
4248	1968	12	23	15	90	10			-138			78		
4248	1968	12	26	12	90	10			-24	5	-170	65		
4248	1968	12	26	15	90	26			-34			68		
4248	1968	12	27	12	90	10			-10	-10	-34	78		
4248	1968	12	28	12	90	10			10	60	-10	88		
4248	1968	12	28	15	90	26			46			75		
4248	1968	12	30	12	0	0			-20			97		
4248	1968	12	31	12	90	10			-44			97		
4248	1969	1	2	12	90	26			-62	-5	-65	92		
4248	1969	1	2	15	90	10			-70			82		
4248	1969	1	3	15	90	26			-68	-50	-120	73		
4248	1969	1	4	12	0	0			50	70		54		
4248	1969	1	4	15	0	0			54			54		
4248	1969	1	6	12	140	154			50	90	-35	88		
4248	1969	1	6	15	0	0			10			76		
4248	1969	1	7	12	0	0			20	50		78		
4248	1969	1	7	15	0	0			10			80		
4248	1969	1	8	12	90	26			-25	40	-35	81		
4248	1969	1	8	15	90	10			-52			75		
4248	1969	1	9	12	90	26			-82			74		
4248	1969	1	9	15	90	10			-72			54		
4248	1969	1	10	12	90	26			-5			51		
4248	1969	1	10	15	90	10			6			68		
4248	1969	1	11	12	90	10			-40			70		
4248	1969	1	13	12	90	10			-96	-20	-100	68		
4248	1969	1	13	15	90	10			-78			70		
4248	1969	1	14	12	90	26			-64	-60	-105	70		
4248	1969	1	14	15	90	26			-58			93		
4248	1969	1	15	12	90	10			-64			92		
4248	1969	1	16	12	90	10			-94			86		
4248	1969	1	17	12	90	10			-110	-85	-115	85		
4248	1969	1	17	15	90	10			-136			46		
4248	1969	1	18	12	90	26			-190	-110	-210	81		
4248	1969	1	18	15	90	10			-182			80		
4248	1969	1	20	15	90	10			-100			78		
4248	1969	1	21	12	90	10			-102			87		
4248	1969	1	21	15	0	0			-92			84		
4248	1969	1	22	12	90	10			-131	-90	-150	86		
4248	1969	1	23	15	90	10			-120			76		
4248	1969	1	25	12	90	26			-74	-70	-154	92		
4248	1969	1	25	15	270	26			-74			90		
4248	1969	1	27	15	270	46			-18	5	-150	92		
4248	1969	1	28	12	270	93			-60	0	-65	99		
4248	1969	1	28	15	270	154			-74			94		
4248	1969	1	29	12	90	46			-140	-60	-140	86		
4248	1969	1	29	15	90	46			-144			85		
4248	1969	1	30	12	90	46			-174	-130	-190	78		
4248	1969	1	30	15	90	46			-142			76		
4248	1969	2	19	12	0	0			-40			84		
4248	1969	2	19	15	90	10			-32			93		
4248	1969	2	20	12	270	93			-12			92		
4248	1969	2	20	15	270	67			-20			83		
4248	1969	2	21	12	270	46			-55			87		
4248	1969	2	21	15	90	10			-70			92		
4248	1969	2	22	12	90	10			-175	-55	-190	84		
4248	1969	2	22	15	90	10			-152			79		
4248	1969	2	24	12	90	10			-202			79		
4248	1969	2	24	15	90	10			-192			78		
4248	1969	2	25	12	90	10			-154	-145	-205	81		
4248	1969	2	25	15	90	10			-136			80		
4248	1969	2	26	12	90	10			-125	-120	-160	80		
4248	1969	2	26	15	90	10			-120			75		
4248	1969	2	27	12	90	10			-161	-100	-180	79		
4248	1969	2	27	15	90	10			-150			76		
4248	1969	2	28	12	90	26			-120	-120	-170	86		
4248	1969	2	28	15	90	26			-110			88		
4248	1969	3	1	12	270	26			-90	-60	-90	81		
4248	1969	3	1	15	0	0			-84			78		
4248	1969	3	3	12	270	46			-72	-20	-115	80		
4248	1969	3	3	15	270	26			-66			80		
4248	1969	3	4	12	90	26			-120	-60	-145	86		
4248	1969	3	4	15	90	10			-100			84		
4248	1969	3	5	12	90	46			-190	-80	-200	80		
4248	1969	3	5	15	90	46			-146			80		
4248	1969	3	6	12	90	10			-114	-114	-200	78		
4248	1969	3	6	15	90	10			-100			80		
4248	1969	3	7	12	90	26			-128	-70	-160	90		
4248	1969	3	7	15	90	46			-130			90		
4248	1969	3	8	12	90	10			-98	-75	-150	94		
4248	1969	3	8	15	90	10			-78			80		
4248	1969	3	10	12	0	0			-22	10	-100	99		
4248	1969	3	10	15	90	10			-24			93		
4248	1969	3	11	12	0	0			-42	55	-60	96		
4248	1969	3	11	15	0	0			-24			93		
4248	1969	3	12	12	90	10			-122	-15	-130	82		
4248	1969	3	12	15	90	46			-126			78		
4248	1969	3	13	12	90	26			-226	-120	-235	85		
4248	1969	3	13	15	90	10			-172			80		
4248	1969	3	14	12	90	10			-182	-150	-230	85		
4248	1969	3	14	15	90	26			-176			80		
4248	1969	3	15	12	90	67			-192	-120	-200	82		
4248	1969	3	15	15	90	46			-198			79		
4248	1969	3	17	12	270	93			-51	-50	-285	94		
4248	1969	3	17	15	270	46			-52			94		
4248	1969	3	18	12	90	46			-102	-50	-150	94		
4248	1969	3	18	15	0	0			-84			85		
4248	1969	3	19	12	90	26			-100	-40	-125	89		
4248	1969	3	19	15	90	26			-94			88		
4248	1969	3	20	12	90	46			-114	-90	-125	86		
4248	1969	3	21	12	90	26			-100	-94	-115	88		
4248	1969	3	21	15	90	10			-76			82		
4248	1969	3	22	12	0	0			5	5	-100	69		
4248	1969	3	22	15	0	0			10			65		
4248	1969	3	24	12	90	26			-76	35	-90	84		
4248	1969	3	24	15	0	0			-34			76		
4248	1969	3	25	12	90	10			-44	-10	-90	88		
4248	1969	3	26	12	180	93			-28	-15	-45	81		
4248	1969	3	26	15	270	123			-55			90		
4248	1969	3	27	12	90	10			-152	-28	-170	77		
4248	1969	3	27	15	90	10			-150			79		
4248	1969	3	28	12	90	10			-82	-60	-170	78		
4248	1969	3	28	15	90	10			-46			80		
4248	1969	3	29	12	0	0			-10	-10	-85	71		
4248	1969	3	29	15	0	0			10			83		
4248	1969	3	31	12	0	0			-40	30	-65	89		
4248	1969	3	31	15	90	10			-40			78		
4248	1969	4	1	15	270	46			-34			60		
4248	1969	4	2	12	90	46			-134	20	-135	88		
4248	1969	4	2	15	90	46			-130			81		
4248	1969	4	5	12	90	46			-120	-95	-185	70		
4248	1969	4	5	15	90	26			-88			68		
4248	1969	4	8	12	70	10			-55	-55	-135	77		
4248	1969	4	9	12	90	10			-90	-50	-110	79		
4248	1969	4	9	15	90	10			-95			85		
4248	1969	4	10	12	90	10			-138	-90	-170	78		
4248	1969	4	10	15	90	10			-120			74		
4248	1969	4	11	12	90	10			-115	-95	-185	69		
4248	1969	4	11	15	90	10			-112			71		
4248	1969	4	12	12	90	10			-80	-55	-130	76		
4248	1969	4	12	15	90	10			-56			76		
4248	1969	4	14	12	90	26			-80	-50	-85	93		
4248	1969	4	14	15	90	26			-72			93		
4248	1969	4	15	12	90	26			-110	-60	-135	85		
4248	1969	4	15	15	90	10			-90			80		
4248	1969	4	16	12	90	46			-126	-80	-170	82		
4248	1969	4	16	15	90	26			-110			80		
4248	1969	4	17	12	0	0			-60	-60	-130	80		
4248	1969	4	17	15	90	10			-54			81		
4248	1969	4	18	12	90	46			-58	-10	-65	88		
4248	1969	4	18	15	90	26			-56			88		
4248	1969	4	19	12	0	0			-42	-42	-120	84		
4248	1969	4	19	15	0	0			-26			80		
4248	1969	4	21	12	0	0			-22	20	-60	90		
4248	1969	4	21	15	0	0			-20			88		
4248	1969	4	22	12	0	0			-40	-10	-45	99		
4248	1969	4	23	12	90	10			-48	0	-60	97		
4248	1969	4	23	15	90	10			-38			98		
4248	1969	4	24	12	270	67			-12	-5	-48	84		
4248	1969	4	24	15	270	67			-8			80		
4248	1969	4	25	12	90	46			-56	0	-60	76		
4248	1969	4	25	15	90	26			-34			74		
4248	1969	4	26	12	0	0			-25	70	-65	74		
4248	1969	4	28	12	0	0			42	100	-45	64		
4248	1969	4	28	15	0	0			80			56		
4248	1969	4	29	15	270	46			80	130	42	53		
4248	1969	4	30	12	270	67			10	125	10	81		
4248	1969	4	30	15	270	46			26			78		
4248	1969	5	1	12	270	46			10	120	5	87		
4248	1969	5	1	15	270	67			14			86		
4248	1969	5	3	12	0	0			20	30	-20	86		
4248	1969	5	5	12	0	0			40	85	-20	72		
4248	1969	5	5	15	0	0			60			65		
4248	1969	5	6	12	90	10			36	100	-5	71		
4248	1969	5	6	15	270	26			62			68		
4248	1969	5	7	12	0	0			4	70	-10	94		
4248	1969	5	7	15	270	67			28			88		
4248	1969	5	8	12	0	0			20	30	-10	73		
4248	1969	5	8	15	270	46			42			71		
4248	1969	5	9	12	90	10			30	50	-10	81		
4248	1969	5	9	15	270	26			54			78		
4248	1969	5	10	12	0	0			16	65	0	88		
4248	1969	5	10	15	270	46			30			86		
4248	1969	5	12	12	270	10			50	100	-15	92		
4248	1969	5	12	15	270	26			60			88		
4248	1969	5	13	12	90	10			48	80	25	90		
4248	1969	5	13	15	0	0			84			76		
4248	1969	5	14	15	270	46			72			78		
4248	1969	5	16	12	270	10			24	95	15	96		
4248	1969	5	16	15	270	10			38			81		
4248	1969	5	17	12	90	26			28	50	10	85		
4248	1969	5	17	15	270	26			46			77		
4248	1969	5	19	15	270	46			-10			81		
4248	1969	5	20	12	90	10			-18	-10	-38	77		
4248	1969	5	20	15	90	26			-14			74		
4248	1969	5	21	12	0	0			60	70	-35	68		
4248	1969	5	22	12	270	154			-20	80	-20	99		
4248	1969	5	22	15	270	123			-20			85		
4248	1969	5	23	12	90	26			-10	-10	-35	60		
4248	1969	5	24	12	270	10			4	15	-25	56		
4248	1969	5	24	15	270	26			12			57		
4248	1969	5	27	12	270	26			60	80	-10	87		
4248	1969	5	27	15	270	93			50			89		
4248	1969	5	28	12	90	10			72	70	20	73		
4248	1969	5	28	15	0	0			108			55		
4248	1969	5	29	12	0	0			104	145	30	61		
4248	1969	5	29	15	0	0			100			65		
4248	1969	5	30	12	0	0			90	135	45	71		
4248	1969	5	30	15	0	0			110			67		
4248	1969	5	31	12	0	0			30	130	10	99		
4248	1969	5	31	15	0	0			50			89		
4248	1969	6	2	12	270	10			30	105	30	98		
4248	1969	6	2	15	270	10			40			86		
4248	1969	6	3	12	270	10			56	110	0	88		
4248	1969	6	3	15	270	26			60			85		
4248	1969	6	4	12	0	0			20	85	15	98		
4248	1969	6	4	15	270	10			20			99		
4248	1969	6	5	12	270	10			30	95	10	99		
4248	1969	6	5	15	270	10			40			99		
4248	1969	6	6	12	270	10			34	70	20	88		
4248	1969	6	6	15	270	26			40			76		
4248	1969	6	7	12	0	0			35	45	10	84		
4248	1969	6	7	15	0	0			60			74		
4248	1969	6	9	12	0	0			80			66		
4248	1969	6	9	15	0	0			100			64		
4248	1969	6	10	12	0	0			55	100	35	93		
4248	1969	6	10	15	0	0			60			86		
4248	1969	6	11	12	0	0			72	75	30	80		
4248	1969	6	11	15	0	0			100			79		
4248	1969	6	12	15	270	67			70	130	40	76		
4248	1969	6	13	15	270	10			68	70	25	81		
4248	1969	6	14	12	90	26			68	100	20	66		
4248	1969	6	14	15	90	26			74			66		
4248	1969	6	16	12	270	67			46	110	20	88		
4248	1969	6	16	15	270	67			51			78		
4248	1969	6	17	12	270	67			30	60	10	90		
4248	1969	6	17	15	90	46			28			90		
4248	1969	6	18	12	0	0			26	40	5	96		
4248	1969	6	18	15	0	0			46			83		
4248	1969	6	19	12	90	26			40	60	26	78		
4248	1969	6	19	15	90	26			60			63		
4248	1969	6	20	12	0	0			82	120	40	66		
4248	1969	6	20	15	90	10			108			58		
4248	1969	6	21	12	0	0			110	150	50	58		
4248	1969	6	21	15	270	26			114			70		
4248	1969	6	23	12	0	0			58	130	40	88		
4248	1969	6	23	15	270	26			72			86		
4248	1969	6	24	12	0	0			74	80	50	83		
4248	1969	6	24	15	270	46			78			78		
4248	1969	6	25	12	270	10			52	100	30	88		
4248	1969	6	25	15	270	10			72			86		
4248	1969	6	26	15	270	10			80			79		
4248	1969	6	27	12	270	26			88	100	30	83		
4248	1969	6	27	15	270	46			94			86		
4248	1969	6	28	12	270	46			60	110	50	86		
4248	1969	6	28	15	270	67			74			84		
4248	1969	7	1	12	270	46			70	125	30	82		
4248	1969	7	1	15	270	67			74			81		
4248	1969	7	2	12	270	67			54	90	30	86		
4248	1969	7	2	15	270	67			70			82		
4248	1969	7	3	12	270	93			30	80	25	94		
4248	1969	7	3	15	270	67			52			89		
4248	1969	7	4	12	0	0			60	60	25	88		
4248	1969	7	4	15	90	10			80			86		
4248	1969	7	5	12	90	10			71	85	50	94		
4248	1969	7	5	15	0	0			100			85		
4248	1969	7	7	12	90	10			80	125	50	82		
4248	1969	7	8	12	270	10			78	150	65	98		
4248	1969	7	8	15	270	10			90			96		
4248	1969	7	9	12	0	0			80	95	45	94		
4248	1969	7	9	15	0	0			100			85		
4248	1969	7	10	12	270	10			54	125	50	96		
4248	1969	7	10	15	270	10			80			88		
4248	1969	7	11	12	270	26			60	110	40	86		
4248	1969	7	11	15	270	26			60			90		
4248	1969	7	12	12	270	123			40	70	30	91		
4248	1969	7	12	15	270	123			50			85		
4248	1969	7	14	12	0	0			78	90	35	72		
4248	1969	7	14	15	0	0			100			65		
4248	1969	7	15	12	90	10			70	140	40	72		
4248	1969	7	15	15	90	10			92			69		
4248	1969	7	16	12	90	10			90	145	55	70		
4248	1969	7	16	15	0	0			110			61		
4248	1969	7	17	12	90	10			82	145	65	84		
4248	1969	7	18	12	270	10			102	155	70	81		
4248	1969	7	18	15	0	0			140			67		
4248	1969	7	19	12	270	10			90	150	60	83		
4248	1969	7	19	15	270	10			100			81		
4248	1969	7	21	12	0	0			80	140	50	84		
4248	1969	7	21	15	270	10			102			79		
4248	1969	7	22	12	270	10			93	135	70	96		
4248	1969	7	22	15	270	10			110			84		
4248	1969	7	23	12	270	10			62	120	45	79		
4248	1969	7	23	15	270	26			82			76		
4248	1969	7	24	12	270	10			92	125	55	67		
4248	1969	7	24	15	0	0			112			57		
4248	1969	7	25	12	90	10			100	155	60	69		
4248	1969	7	25	15	90	10			106			68		
4248	1969	7	26	12	90	10			92	162	60	68		
4248	1969	7	26	15	90	10			122			68		
4248	1969	7	28	12	90	10			78	140	60	72		
4248	1969	7	28	15	270	26			108			74		
4248	1969	7	29	12	90	10			80	125	55	76		
4248	1969	7	29	15	90	26			98			68		
4248	1969	7	30	12	0	0			118	140	50	67		
4248	1969	7	30	15	270	26			126			68		
4248	1969	7	31	12	270	46			90	140	75	82		
4248	1969	7	31	15	270	62			110			75		
4248	1969	8	1	12	90	26			84	125	45	70		
4248	1969	8	1	15	90	10			114			64		
4248	1969	8	1	18	270	46			140			61		
4248	1969	8	2	12	270	10			70	140	50	91		
4248	1969	8	2	15	270	46			90			86		
4248	1969	8	4	12	90	46			80	140	50	70		
4248	1969	8	4	15	90	46			104			64		
4248	1969	8	4	18	90	10			150			50		
4248	1969	8	5	12	90	46			80	155	50	73		
4248	1969	8	6	12	90	10			90	145	45	70		
4248	1969	8	6	15	90	10			120			64		
4248	1969	8	6	18	270	26			148			60		
4248	1969	8	7	12	90	10			112	150	55	75		
4248	1969	8	7	15	270	26			130			69		
4248	1969	8	8	12	90	26			100	150	60	68		
4248	1969	8	8	15	270	10			130			68		
4248	1969	8	9	12	270	26			88	140	50	70		
4248	1969	8	9	15	270	26			88			88		
4248	1969	8	11	12	270	10			82	150	55	90		
4248	1969	8	11	15	270	46			98			89		
4248	1969	8	11	18	270	67			108			84		
4248	1969	8	12	12	270	26			76	120	65	93		
4248	1969	8	12	15	270	46			88			92		
4248	1969	8	12	18	270	67			98			88		
4248	1969	8	13	15	90	10			68	100	50	94		
4248	1969	8	13	18	270	26			82			84		
4248	1969	8	14	12	0	0			85	105	40	75		
4248	1969	8	14	15	0	0			104			56		
4248	1969	8	15	12	0	0			80	110	50	84		
4248	1969	8	15	15	270	46			104			77		
4248	1969	8	16	12	90	26			74	115	35	74		
4248	1969	8	18	12	90	26			89	140	55	74		
4248	1969	8	18	15	90	26			108			66		
4248	1969	8	18	18	270	10			120			65		
4248	1969	8	19	12	90	26			110	140	70	66		
4248	1969	8	19	15	90	26			102			74		
4248	1969	8	19	18	220	154			142			64		
4248	1969	8	20	12	90	46			80	145	65	98		
4248	1969	8	20	15	90	26			94			95		
4248	1969	8	20	18	90	26			106			84		
4248	1969	8	21	12	90	10			114	115	70	86		
4248	1969	8	21	15	90	46			96			99		
4248	1969	8	21	18	90	46			92			99		
4248	1969	8	22	12	90	10			92	110	70	99		
4248	1969	8	22	15	90	26			86			99		
4248	1969	8	22	18	90	26			104			92		
4248	1969	8	23	15	270	46			84	120	70	94		
4248	1969	8	26	12	0	0			82	100	40	97		
4248	1969	8	26	15	90	10			88			95		
4248	1969	8	26	18	270	10			92			90		
4248	1969	8	27	12	90	10			50			98		
4248	1969	8	27	15	270	10			70			95		
4248	1969	8	27	18	90	10			72			82		
4248	1969	8	28	12	270	26			60			81		
4248	1969	8	28	15	270	10			70			76		
4248	1969	8	28	18	270	26			82			75		
4248	1969	8	29	12	90	10			54			84		
4248	1969	8	29	15	90	10			78			61		
4248	1969	8	29	18	270	10			92			61		
4248	1969	8	30	12	90	10			50	96	30	68		
4248	1969	8	30	15	90	10			72			56		
4248	1969	9	1	12	270	10			70	100	40	96		
4248	1969	9	1	15	270	10			89			94		
4248	1969	9	2	12	270	10			70	90	45	99		
4248	1969	9	2	18	90	26			80			99		
4248	1969	9	3	12	90	10			72	95	60	96		
4248	1969	9	3	15	90	10			81			88		
4248	1969	9	4	12	270	26			48	105	45	81		
4248	1969	9	4	15	270	93			52			78		
4248	1969	9	4	18	270	46			54			76		
4248	1969	9	5	12	90	26			44	70	30	89		
4248	1969	9	5	18	90	26			52			76		
4248	1969	9	6	12	90	26			30	60	0	68		
4248	1969	9	6	15	90	10			52			55		
4248	1969	9	8	12	90	46			30	60	20	78		
4248	1969	9	8	15	90	10			46			68		
4248	1969	9	8	18	270	46			66			58		
4248	1969	9	9	12	90	26			34	70	5	51		
4248	1969	9	9	15	90	26			32			61		
4248	1969	9	9	18	90	46			44			60		
4248	1969	9	10	12	0	0			48	50	15	68		
4248	1969	9	10	15	90	26			40			71		
4248	1969	9	11	12	140	190			122			54		
4248	1969	9	12	12	220	154			28	140	25	90		
4248	1969	9	12	18	270	93			46			74		
4248	1969	9	13	12	90	26			18	50	-10	72		
4248	1969	9	15	12	90	10			68	90	18	70		
4248	1969	9	15	15	90	46			80			60		
4248	1969	9	15	18	90	10			82			54		
4248	1969	9	16	12	270	46			58	100	50	63		
4248	1969	9	16	15	270	67			64			69		
4248	1969	9	16	18	270	67			52			76		
4248	1969	9	17	12	90	46			12	65	10	99		
4248	1969	9	17	15	90	46			20			98		
4248	1969	9	17	18	90	26			24			92		
4248	1969	9	18	12	270	67			6	25	0	98		
4248	1969	9	18	15	270	46			20			95		
4248	1969	9	18	18	270	46			18			99		
4248	1969	9	19	12	270	10			16	20	0	99		
4248	1969	9	19	15	270	46			18			98		
4248	1969	9	19	18	270	67			24			91		
4248	1969	9	20	12	90	67			0	30	-15	76		
4248	1969	9	20	15	90	46			-2			68		
4248	1969	9	22	15	270	46			2			64		
4248	1969	9	22	18	90	26			18			64		
4248	1969	9	23	12	90	26			-24	30	-35	76		
4248	1969	9	23	15	90	26			10			72		
4248	1969	9	23	18	90	46			0			69		
4248	1969	9	24	12	0	0			-12	2	-30	94		
4248	1969	9	24	15	0	0			0			92		
4248	1969	9	24	18	270	46			5			83		
4248	1969	9	25	12	90	67			-56	10	-60	86		
4248	1969	9	25	15	90	46			-42			85		
4248	1969	9	25	18	90	26			-30			77		
4248	1969	9	26	12	90	46			-50	-22	-70	76		
4248	1969	9	26	15	90	46			-42			70		
4248	1969	9	26	18	90	46			-30			68		
4248	1969	9	27	12	90	26			-50			70		
4248	1969	9	27	15	90	26			-30			74		
4248	1969	9	29	12	90	46			-56	0	-70	76		
4248	1969	9	29	15	90	46			-32			64		
4248	1969	9	29	18	90	26			-16			63		
4248	1969	9	30	12	90	46			-58	-5	-65	80		
4248	1969	9	30	15	90	46			-40			81		
4248	1969	10	1	12	90	26			-16	-10	-70	82		
4248	1969	10	1	15	90	26			0			82		
4248	1969	10	2	12	0	0			0	30	-20	99		
4248	1969	10	2	15	90	26			0			99		
4248	1969	10	3	15	90	26			1			99		
4248	1969	10	4	12	90	46			-40	10	-45	76		
4248	1969	10	4	15	90	46			-38			74		
4248	1969	10	6	12	90	26			-65			76		
4248	1969	10	6	15	90	46			-50			72		
4248	1969	10	7	12	90	46			-90	-45	-100	72		
4248	1969	10	7	15	90	46			-70			72		
4248	1969	10	7	18	90	46			-60			72		
4248	1969	10	8	12	90	46			-42	-35	-95	76		
4248	1969	10	8	15	90	46			-50			84		
4248	1969	10	8	18	90	67			-46			99		
4248	1969	10	9	12	270	93			36	65	-65	84		
4248	1969	10	9	15	270	46			12			98		
4248	1969	10	9	18	90	26			16			99		
4248	1969	10	10	12	0	0			30	40	0	99		
4248	1969	10	10	15	270	26			30			99		
4248	1969	10	10	18	270	46			26			95		
4248	1969	10	11	12	0	0			0			95		
4248	1969	10	11	15	270	26			16			99		
4248	1969	10	13	12	90	26			-28	16	-35	84		
4248	1969	10	13	15	90	26			-10			86		
4248	1969	10	13	18	90	10			-4			86		
4248	1969	10	14	12	90	10			-12	0	-28	90		
4248	1969	10	14	15	90	26			-4			88		
4248	1969	10	14	18	0	0			8			85		
4248	1969	10	15	12	90	26			-42	10	-45	80		
4248	1969	10	15	15	90	26			-20			70		
4248	1969	10	15	18	90	26			-20			70		
4248	1969	10	16	12	90	26			-34	-15	-45	83		
4248	1969	10	16	15	90	46			-38			79		
4248	1969	10	16	18	90	46			-20			80		
4248	1969	10	17	12	0	0			-20	-15	-40	91		
4248	1969	10	17	15	0	0			-8			89		
4248	1969	10	18	12	90	46			-40	0	-45	80		
4248	1969	10	18	15	90	46			-32			78		
4248	1969	10	20	12	0	0			40	40	-55	58		
4248	1969	10	20	15	140	46			72			46		
4248	1969	10	20	18	140	67			68			47		
4248	1969	10	21	12	140	46			50	72	30	46		
4248	1969	10	21	15	90	10			52			46		
4248	1969	10	21	18	90	10			50			48		
4248	1969	10	22	12	0	0			0	65	-5	91		
4248	1969	10	22	15	90	26			-2			91		
4248	1969	10	22	18	270	10			2			91		
4248	1969	10	23	12	270	10			-20	5	-30	99		
4248	1969	10	23	15	270	67			-6			91		
4248	1969	10	24	12	90	46			-40	-5	-40	84		
4248	1969	10	24	15	90	10			-50			85		
4248	1969	10	25	15	270	67			-20	-20	-75	99		
4248	1969	10	27	12	90	26			-80	-15	-95	80		
4248	1969	10	27	15	90	26			-66			72		
4248	1969	10	28	12	0	0			-25	-25	-100	64		
4248	1969	10	28	15	90	67			-22			64		
4248	1969	10	29	12	270	46			-22	20	-30	94		
4248	1969	10	29	15	0	0			-14			94		
4248	1969	10	30	12	90	46			-50	0	-60	75		
4248	1969	10	30	15	90	46			-52			74		
4248	1969	10	31	12	90	46			-104			74		
4248	1969	10	31	15	90	46			-90			74		
4248	1969	11	1	12	90	26			-118	-80	-125	74		
4248	1969	11	1	15	90	67			-102			74		
4248	1969	11	3	12	90	46			-40	-40	-160	69		
4248	1969	11	3	15	90	46			-34			66		
4248	1969	11	4	12	270	93			-14	-10	-60	99		
4248	1969	11	4	15	270	123			4			86		
4248	1969	11	5	12	270	26			2	15	-15	99		
4248	1969	11	5	15	90	26			3			99		
4248	1969	11	6	12	270	154			4	30	-10	87		
4248	1969	11	6	15	270	154			-18			88		
4248	1969	11	7	12	270	93			-50	5	-60	82		
4248	1969	11	7	15	270	46			-50			83		
4248	1969	11	8	12	320	123			-70	-40	-75	74		
4248	1969	11	8	15	320	93			-88			66		
4248	1969	11	10	12	90	10			-172	-70	-185	81		
4248	1969	11	10	15	90	26			-168			83		
4248	1969	11	11	12	0	0			-85	-85	-180	76		
4248	1969	11	11	15	90	10			-81			76		
4248	1969	11	12	12	90	10			-48			84		
4248	1969	11	12	15	90	10			-50			76		
4248	1969	11	13	12	90	10			-82			79		
4248	1969	11	13	15	0	0			-70			80		
4248	1969	11	14	12	0	0			-34			79		
4248	1969	11	14	15	90	10			-36			83		
4248	1969	11	15	12	0	0			-30	0	-40	88		
4248	1969	11	15	15	0	0			-28			81		
4248	1969	11	17	12	270	154			-10			98		
4248	1969	11	17	15	270	190			-10			82		
4248	1969	11	18	12	0	0			-20			82		
4248	1969	11	18	15	270	46			-22			86		
4248	1969	11	19	12	90	10			-50	-20	-50	96		
4248	1969	11	19	15	270	46			-44			92		
4248	1969	11	20	12	90	10			-99	-40	-100	76		
4248	1969	11	20	15	0	0			-90			74		
4248	1969	11	21	12	0	0			-20	-10	-99	91		
4248	1969	11	21	15	0	0			-10			88		
4248	1969	11	22	12	0	0			10			86		
4248	1969	11	22	15	0	0			20			80		
4248	1969	11	24	12	0	0			-10			74		
4248	1969	11	24	15	90	10			-12			84		
4248	1969	11	25	12	270	46			-22	0	-30	83		
4248	1969	11	25	15	270	26			-30			89		
4248	1969	11	26	12	90	26			-64	-20	-70	80		
4248	1969	11	26	15	90	10			-64			84		
4248	1969	11	27	12	0	0			-10	0	-70	94		
4248	1969	11	27	15	0	0			2			85		
4248	1969	11	28	12	90	26			-20	10	-25	99		
4248	1969	11	28	15	90	46			-26			99		
4248	1969	11	29	12	270	67			-20	10	-30	96		
4248	1969	11	29	15	270	93			-36			96		
4248	1969	12	1	12	90	46			-50	20	-100	72		
4248	1969	12	1	15	90	26			-68			76		
4248	1969	12	2	12	270	67			2	5	-70	87		
4248	1969	12	2	15	270	67			0			86		
4248	1969	12	3	12	90	46			-64	5	-70	79		
4248	1969	12	3	15	90	46			-56			74		
4248	1969	12	4	12	270	26			26	60	-75	96		
4248	1969	12	4	15	270	46			32			86		
4248	1969	12	5	15	0	0			2			99		
4248	1969	12	6	12	270	67			-20	50	-20	87		
4248	1969	12	6	15	270	67			-24			84		
4248	1969	12	8	12	270	26			-134	-15	-135	83		
4248	1969	12	8	15	320	46			-128			76		
4248	1969	12	9	12	90	26			-156	-128	-210	85		
4248	1969	12	9	15	90	26			-150			82		
4248	1969	12	10	12	90	15			-70	-70	-165	80		
4248	1969	12	10	15	320	46			-56			76		
4248	1969	12	11	12	320	93			-60	-30	-75	88		
4248	1969	12	11	15	320	123			-66			96		
4248	1969	12	12	12	320	26			-100	-60	-125	70		
4248	1969	12	12	15	90	46			-126			70		
4248	1969	12	13	12	90	10			-200	-100	-215	76		
4248	1969	12	13	15	90	10			-180			75		
4248	1969	12	15	12	90	10			-125			78		
4248	1969	12	15	15	90	10			-132			80		
4248	1969	12	16	12	0	0			-130	-115	-160	86		
4248	1969	12	16	15	90	46			-122			86		
4248	1969	12	17	12	90	10			-198	-120	-200	84		
4248	1969	12	17	15	90	10			-200			82		
4248	1969	12	18	12	90	10			-172	-170	-220	81		
4248	1969	12	18	15	0	0			-162			80		
4248	1969	12	19	12	0	0			-120	-100		82		
4248	1969	12	20	15	270	10			-98	-90	-120	82		
4248	1969	12	22	12	90	26			-194	-98	-225	86		
4248	1969	12	22	15	90	10			-190			86		
4248	1969	12	25	12	90	26			-154	-154	-200	87		
4248	1969	12	25	15	90	10			-148			88		
4248	1969	12	27	12	0	0			-132	-110	-170	90		
4248	1969	12	27	15	90	10			-120			88		
4248	1969	12	29	12	90	26			-134	-50	-175	88		
4248	1969	12	29	15	90	26			-120			92		
4248	1969	12	30	12	0	0			22	25	-135	97		
4248	1969	12	30	15	0	0	8		46			84		
