stat_no	year	month	day	hour	dd	ff	n	pppp	ttt	txtxtx	tntntn	rh	rrr6	sss
4264	1966	11	23	12	160	26	8		-10			100		
4264	1966	11	23	15	160	26	8		-10			100		
4264	1966	11	24	12	230	10	8		-10			95		
4264	1966	11	24	15	200	10	8		0			93		
4264	1966	11	25	12	280	93	6		-30			86		
4264	1966	11	25	15	0	0	5		-40			76		
4264	1966	11	26	12	90	10	4		-60			92		
4264	1966	11	26	15	90	10	4		-40			79		
4264	1966	11	28	12	0	0	8		0			100		
4264	1966	11	28	15	340	10	8		0			85		
4264	1966	11	29	12	360	36	8		-40			65		
4264	1966	11	29	15	20	10	7		-30			67		
4264	1966	11	30	12	20	123	3		-40			72		
4264	1966	11	30	15	30	46	1		-50			70		
4264	1966	12	1	12	90	26	9		-30			100		
4264	1966	12	1	15	150	15	9		-30			100		
4264	1966	12	2	12	190	154	9		40			98		
4264	1966	12	2	15	190	93	8		-10			95		
4264	1966	12	3	12	270	154	9		-40			92		
4264	1966	12	3	15	230	154	9		-40			100		
4264	1966	12	5	12	80	10	8		-40			90		
4264	1966	12	7	12	340	103	5		-80			82		
4264	1966	12	8	12	100	26	8		-42			69		
4264	1966	12	8	15	130	46	8		-20			80		
4264	1966	12	9	12	210	10	8		-30			100		
4264	1966	12	9	15	290	10	8		-40			100		
4264	1966	12	10	12	100	10	8		-20			100		
4264	1966	12	10	15	90	26	6		-40			90		
4264	1966	12	12	12	110	10	0		-120			70		
4264	1966	12	12	15	110	10	0		-130			70		
4264	1966	12	13	12	0	0	8		-70			79		
4264	1966	12	13	15	0	0	6		-60			85		
4264	1966	12	14	12	0	0	5		-80			85		
4264	1966	12	14	15	90	10	6		-70			85		
4264	1966	12	15	12	360	10	8		-40			88		
4264	1966	12	15	15	10	10	7		-30			88		
4264	1966	12	16	12	0	0	3		-70			88		
4264	1966	12	16	15	360	10	3		-70			88		
4264	1966	12	17	12	0	0	8		-80			89		
4264	1966	12	17	15	80	10	7		-60			82		
4264	1966	12	19	12	160	26	7		-20			72		
4264	1966	12	19	15	150	10	5		20			65		
4264	1966	12	20	12	190	26	8		40			90		
4264	1966	12	20	15	180	10	8		20			85		
4264	1966	12	21	12	270	67	7		-20			100		
4264	1966	12	21	15	220	26	6		-40			90		
4264	1966	12	22	12	10	10	6		20			82		
4264	1966	12	22	15	0	0	5		-30			78		
4264	1966	12	23	12	80	10	0		-80			70		
4264	1966	12	23	15	80	10	0		-90			70		
4264	1966	12	27	12	50	10	0		-40			70		
4264	1966	12	27	15	30	10	0		-80			70		
4264	1966	12	28	12	40	190	3		-50			68		
4264	1966	12	28	15	20	93	2		-50			65		
4264	1966	12	29	12	30	93	0		-100			68		
4264	1966	12	29	15	30	123	1		-90			67		
4264	1966	12	30	12	90	26	0		-150			65		
4264	1966	12	30	15	80	26	0		-130			65		
4264	1967	1	2	12	170	226	8		-40			85		
4264	1967	1	3	15	0	0	8		-40			100		
4264	1967	1	4	12	360	93	8		-20			100		
4264	1967	1	4	15	360	123	5		-40			98		
4264	1967	1	5	12	0	0	8		-20			100		
4264	1967	1	5	15	0	0	5		-70			100		
4264	1967	1	6	15	160	67	8		-40			90		
4264	1967	1	7	12	170	93	8		110			92		
4264	1967	1	7	15	190	46	8		90			100		
4264	1967	1	9	12	350	26	8		-20					
4264	1967	1	10	12	0	0	9		0			100		
4264	1967	1	10	15	10	10	9		-10					
4264	1967	1	11	12	180	26	9		-20			100		
4264	1967	1	11	15	180	46	8		-20			100		
4264	1967	1	12	12	0	0	7		-60			100		
4264	1967	1	12	15	360	10	6		-60			100		
4264	1967	1	13	12	350	26	8		-70			80		
4264	1967	1	13	15	350	26	7		-50			78		
4264	1967	1	14	12	340	93	7		-90			90		
4264	1967	1	14	15	10	46	6		-40			90		
4264	1967	1	16	12	80	67	2		-60			70		
4264	1967	1	16	15	80	26	7		-80			70		
4264	1967	1	17	12	140	123	8		30			69		
4264	1967	1	17	15	150	67	8		10			69		
4264	1967	1	18	12	280	46	9		0			100		
4264	1967	1	18	15	280	26	9		-20			100		
4264	1967	1	19	12	90	10	4		-20			80		
4264	1967	1	19	15	90	10	3		-40			80		
4264	1967	1	20	12	160	67	7		60			60		
4264	1967	1	20	15	160	67	7		40			60		
4264	1967	1	21	15	360	67	9		-30			90		
4264	1967	1	23	12	350	10	8		-30			70		
4264	1967	1	23	15	80	10	8		-40			65		
4264	1967	1	24	12	100	46	7		40			60		
4264	1967	1	24	15	90	10	5		40			60		
4264	1967	1	25	12	90	10	4		-20			85		
4264	1967	1	25	15	0	0	4		0					
4264	1967	1	30	12	80	10	2		-50			75		
4264	1967	3	8	12	220	190	9		-90			95		
4264	1967	3	9	12	10	123	9		-110			95		
4264	1967	3	9	15	350	93	9					95		
4264	1967	3	10	12	80	46	1		-120			95		
4264	1967	3	10	15	70	46	1					95		
4264	1967	3	11	12	50	46	2		-130			95		
4264	1967	3	11	15	50	26	3					95		
4264	1967	3	13	12	80	26	1		-90			95		
4264	1967	3	13	15	80	26	1					95		
4264	1967	3	14	12	160	26	9		-80			100		
4264	1967	3	14	15	170	26	8					100		
4264	1967	3	15	12	170	46	7		-60			73		
4264	1967	3	15	15	170	46	2					66		
4264	1967	3	16	12	250	67	9		-60			100		
4264	1967	3	16	15	310	226	8					92		
4264	1967	3	17	12	100	123	8		-70			89		
4264	1967	3	17	15	70	46	8					75		
4264	1967	3	18	12	360	190	7		-60			94		
4264	1967	3	18	15	10	154	7					95		
4264	1967	3	20	12	100	26	1		-80			76		
4264	1967	3	20	15	90	26	1					65		
4264	1967	3	21	12	80	26	2		-50			70		
4264	1967	3	21	15	80	26	2					65		
4264	1967	3	22	12	190	46	9		-40			100		
4264	1967	3	22	15	270	26	9					100		
4264	1967	3	25	12	30	10	0		-30			55		
4264	1967	3	25	15	20	26	0					55		
4264	1967	3	28	12	10	26	5		-30			90		
4264	1967	3	28	15	10	10	4					85		
4264	1967	3	29	12	170	93	9		-10			100		
4264	1967	3	29	15	170	67	9					100		
4264	1967	3	30	12	220	10	9		-20			100		
4264	1967	3	30	15	250	10	9					100		
4264	1967	3	31	12	360	67	4		-20			92		
4264	1967	3	31	15	360	46	4					90		
4264	1967	4	1	12	90	10	9					100		
4264	1967	4	1	15	0	0	9					95		
4264	1967	4	3	12	90	10	0					78		
4264	1967	4	3	15	90	10	0					70		
4264	1967	4	4	12	160	93	8					90		
4264	1967	4	4	15	160	93	8					92		
4264	1967	4	5	12	250	123	9					100		
4264	1967	4	5	15	180	67	5					100		
4264	1967	4	6	12	160	93	7					90		
4264	1967	4	6	15	160	46	8					75		
4264	1967	4	7	12	170	10	8					100		
4264	1967	4	7	15	90	10	8					95		
4264	1967	4	8	12	350	46	9					100		
4264	1967	4	8	15	350	46	9					90		
4264	1967	4	10	12	170	93	9					100		
4264	1967	4	10	15	170	123	9					100		
4264	1967	4	11	12	160	10	7					75		
4264	1967	4	11	15	0	0	6					70		
4264	1967	4	12	12	10	26	6					80		
4264	1967	4	12	15	10	10	7					75		
4264	1967	4	13	12	360	67	7					80		
4264	1967	4	13	15	350	123	4					75		
4264	1967	4	14	12	50	26	8					65		
4264	1967	4	14	15	20	26	6					65		
4264	1967	4	15	12	160	10	3					65		
4264	1967	4	15	15	180	10	1					60		
4264	1967	4	17	12	80	10	6					65		
4264	1967	4	17	15	0	0	5					60		
4264	1967	4	18	12	70	10	7					68		
4264	1967	4	18	15	70	10	4					65		
4264	1967	4	19	12	350	123	7					85		
4264	1967	4	19	15	350	93	8					80		
4264	1967	4	20	12	60	26	3					75		
4264	1967	4	20	15	50	10	7					65		
4264	1967	4	22	12	80	10	8					72		
4264	1967	4	22	15	80	10	8					70		
4264	1967	4	24	12	340	26	8					85		
4264	1967	4	24	15	350	46	7					80		
4264	1967	4	25	12	360	26	9					90		
4264	1967	4	25	15	360	26	8					85		
4264	1967	4	26	12	80	46	2					70		
4264	1967	4	26	15	80	10	2					55		
4264	1967	4	27	12	80	26	6					80		
4264	1967	4	27	15	130	26	8					72		
4264	1967	4	28	12	180	46	8					75		
4264	1967	4	28	15	180	67	8					75		
4264	1967	4	29	12	30	26	3					75		
4264	1967	4	29	15	0	0	1					82		
4264	1967	5	1	12	100	26	4		0			70		
4264	1967	5	1	15	0	0	8		-10			61		
4264	1967	5	2	12	330	46	9		0			80		
4264	1967	5	2	15	350	46	5		-60			75		
4264	1967	5	3	12	80	10	8		0			70		
4264	1967	5	3	15	80	10	8		0			65		
4264	1967	5	5	12	160	67	8		70			70		
4264	1967	5	5	15	160	46	8		70			70		
4264	1967	5	6	12	0	0	9		40			74		
4264	1967	5	6	15	0	0	9		40			85		
4264	1967	5	8	12	0	0	0		30			85		
4264	1967	5	8	15	0	0	0		40			83		
4264	1967	5	9	12	100	10	9		20			100		
4264	1967	5	9	15	360	10	9		40			100		
4264	1967	5	10	12	170	46	8		70			70		
4264	1967	5	10	15	180	46	8		70			65		
4264	1967	5	11	12	170	46	8		70			72		
4264	1967	5	11	15	170	67	8		90			70		
4264	1967	5	12	12	170	26	8		50			90		
4264	1967	5	12	15	180	46	8		60			92		
4264	1967	5	13	12	0	0	9		20			100		
4264	1967	5	13	15	0	0	9		40			100		
4264	1967	5	16	12	190	10	8		10			86		
4264	1967	5	16	15	0	0	8					86		
4264	1967	5	17	12	80	10	7		80			98		
4264	1967	5	17	15	350	26	7		50			90		
4264	1967	5	18	12	0	0	8		80			58		
4264	1967	5	18	15	140	10	7		130			50		
4264	1967	5	19	12	0	0	5		70			60		
4264	1967	5	19	15	0	0	5		70			55		
4264	1967	5	20	12	290	10	9		10			100		
4264	1967	5	20	15	270	26	8		40			94		
4264	1967	5	22	12	80	10	0		40			65		
4264	1967	5	22	15	360	26	0		70			51		
4264	1967	5	23	12	350	10	2		30			85		
4264	1967	5	23	15	350	10	0		70			82		
4264	1967	5	24	12	320	10	0		0			100		
4264	1967	5	24	15	270	26	0		70			95		
4264	1967	5	25	12	280	10	0		0			100		
4264	1967	5	25	15	280	10	0		20			92		
4264	1967	5	26	12	360	10	8		10			95		
4264	1967	5	26	15	300	10	4		90			80		
4264	1967	5	27	12	350	10	9		0			100		
4264	1967	5	27	15	350	26	5		40			86		
4264	1967	5	29	12	0	0	9		10			100		
4264	1967	5	29	15	0	0	9		20			100		
4264	1967	5	30	12	10	10	4		20			92		
4264	1967	5	30	15	300	26	5		40			90		
4264	1967	6	1	12	340	10	6		70			74		
4264	1967	6	1	15	320	10	3		80			76		
4264	1967	6	2	12	290	10	9		40			100		
4264	1967	6	2	15	290	10	7		60			90		
4264	1967	6	3	12	260	26	6		10			75		
4264	1967	6	3	15	260	26	7		90			68		
4264	1967	6	5	12	0	0	8		30			82		
4264	1967	6	5	15	270	10	8		60			80		
4264	1967	6	6	12	270	10	9		50			100		
4264	1967	6	6	15	70	10	9		60			100		
4264	1967	6	7	12	0	0	4		30			70		
4264	1967	6	7	15	280	10	5		50			60		
4264	1967	6	8	12	0	0	8		20			92		
4264	1967	6	8	15	0	0	8		50			90		
4264	1967	6	9	12	340	46	8		10			94		
4264	1967	6	9	15	320	26	4		10			83		
4264	1967	6	10	12	0	0	1		40			72		
4264	1967	6	10	15	300	26	2		20			76		
4264	1967	6	12	12	10	10	8		100			60		
4264	1967	6	12	15	0	0	6		130			58		
4264	1967	6	13	12	0	0	5		80			65		
4264	1967	6	13	15	350	46	2		100			60		
4264	1967	6	14	12	0	0	1		80			74		
4264	1967	6	14	15	0	0	2		110			78		
4264	1967	6	15	12	260	10	9		20			100		
4264	1967	6	15	15	260	10	9		30			95		
4264	1967	6	16	12	150	26	8		40			93		
4264	1967	6	16	15	150	67	5		60			85		
4264	1967	6	17	12	0	0	8		40			85		
4264	1967	6	17	15	160	26	8		80			75		
4264	1967	6	19	12	350	67	9		10			100		
4264	1967	6	19	15	350	67	9		30			100		
4264	1967	6	20	12	320	26	6		20			92		
4264	1967	6	20	15	320	46	6		40			92		
4264	1967	6	21	12	10	46	5		0			100		
4264	1967	6	21	15	360	93	2		50			95		
4264	1967	6	22	12	340	26	4		40			90		
4264	1967	6	22	15	320	10	4		50			86		
4264	1967	6	23	12	70	10	8		60			86		
4264	1967	6	23	15	200	10	8		120			60		
4264	1967	6	24	12	0	0	8		70			100		
4264	1967	6	24	15	220	93	8		80			92		
4264	1967	6	26	12	350	46	9		20			100		
4264	1967	6	26	15	350	46	3		40			92		
4264	1967	6	27	12	350	67	9		30			100		
4264	1967	6	27	15	350	46	9		40			100		
4264	1967	6	28	12	190	26	9		30			98		
4264	1967	6	28	15	190	46	9		50			92		
4264	1967	6	29	12	260	10	9		30			100		
4264	1967	6	29	15	280	26	8		60			95		
4264	1967	6	30	12	350	26	7		30			95		
4264	1967	6	30	15	260	26	6		50			90		
4264	1967	7	1	12	190	26	8		130			58		
4264	1967	7	1	15	270	10	8		140			70		
4264	1967	7	3	12	0	0	9		100			100		
4264	1967	7	3	15	170	10	9		70			100		
4264	1967	7	4	12	0	0	9		30			100		
4264	1967	7	4	15	0	0	9		50			100		
4264	1967	7	5	12	350	10	9		30			100		
4264	1967	7	5	15	350	10	9		40			100		
4264	1967	7	6	12	350	26	8		40			100		
4264	1967	7	6	15	350	10	8		30			96		
4264	1967	7	7	12	0	0	8		50			100		
4264	1967	7	7	15	0	0	7		50			97		
4264	1967	7	8	12	280	10	9		90			92		
4264	1967	7	8	15	270	10	9		50			98		
4264	1967	7	10	12	10	10	8		40			95		
4264	1967	7	10	15	270	26	2		70			86		
4264	1967	7	11	12	0	0	2		90			75		
4264	1967	7	11	15	270	26	2		90			75		
4264	1967	7	12	12	0	0	0		110			55		
4264	1967	7	12	15	0	0	0		140			55		
4264	1967	7	13	12	0	0	8		40			94		
4264	1967	7	13	15	0	0	8		90			87		
4264	1967	7	14	12	0	0	7		60			95		
4264	1967	7	14	15	260	46	7		100			80		
4264	1967	7	15	12	260	26	7		70			95		
4264	1967	7	15	15	180	46	8		100			82		
4264	1967	7	17	12	0	0	6		70			90		
4264	1967	7	17	15	280	10	9		100			94		
4264	1967	7	18	12	0	0	7		70			95		
4264	1967	7	18	15	350	46	2		80			90		
4264	1967	7	19	12	0	0	0		70			86		
4264	1967	7	19	15	260	10	2		100			80		
4264	1967	7	20	12	0	0	9		70			100		
4264	1967	7	20	15	240	26	9		100			100		
4264	1967	7	21	12	0	0	8		50			90		
4264	1967	7	21	15	240	10	9		70			95		
4264	1967	7	22	12	360	26	3		50			85		
4264	1967	7	22	15	350	26	0		60			82		
4264	1967	7	24	12	340	10	8		20			96		
4264	1967	7	24	15	330	26	7		50			90		
4264	1967	7	25	12	350	46	4		40			100		
4264	1967	7	25	15	350	46	7		60			94		
4264	1967	7	26	12	0	0	9		30			100		
4264	1967	7	26	15	350	26	7		60			95		
4264	1967	7	27	12	200	26	9		40			100		
4264	1967	7	27	15	200	67	0		110			65		
4264	1967	7	28	12	0	0	6		120			85		
4264	1967	7	28	15	350	26	2		90			76		
4264	1967	7	29	12	0	0	8		80			86		
4264	1967	7	29	15	340	10	7		90			75		
4264	1967	7	31	12	0	0	0		80			75		
4264	1967	7	31	15	270	26	0		110			75		
4264	1967	8	1	12	0	0	3		90			72		
4264	1967	8	1	15	210	46	6		110			80		
4264	1967	8	2	12	0	0	9		70			100		
4264	1967	8	2	15	0	0	8		70			100		
4264	1967	8	3	12	160	26	9		100			85		
4264	1967	8	3	15	0	0	9		100			100		
4264	1967	8	4	12	350	10	6		60			100		
4264	1967	8	4	15	350	46	4		70			100		
4264	1967	8	5	12	0	0	0		60			100		
4264	1967	8	5	15	300	26	9		60			100		
4264	1967	8	7	12	210	93	9		70			100		
4264	1967	8	7	15	210	93	8		80			97		
4264	1967	8	8	12	280	26	9		40			100		
4264	1967	8	8	15	0	0	9		60			100		
4264	1967	8	9	12	0	0	9		30			100		
4264	1967	8	9	15	260	10	3		60			95		
4264	1967	8	10	12	170	93	8		90			75		
4264	1967	8	10	15	170	93	9		100			85		
4264	1967	8	11	12	180	26	9		60			95		
4264	1967	8	11	15	360	67	7		80			98		
4264	1967	8	12	12	90	10	1		70			75		
4264	1967	8	12	15	0	0	1		100			60		
4264	1967	8	14	12	280	26	9		40			100		
4264	1967	8	14	15	280	26	8		60			98		
4264	1967	8	15	12	0	0	7		70			95		
4264	1967	8	15	15	0	0	6		80			85		
4264	1967	8	16	12	0	0	8		50			100		
4264	1967	8	16	15	200	10	8		110			74		
4264	1967	8	17	12	210	26	8		50			96		
4264	1967	8	17	15	210	67	9		60			100		
4264	1967	8	18	12	0	0	9		40			100		
4264	1967	8	18	15	350	26	8		50			100		
4264	1967	8	19	12	0	0	4		60			100		
4264	1967	8	19	15	290	10	5		70			90		
4264	1967	8	21	12	360	46	6		30			100		
4264	1967	8	21	15	360	67	2		40			90		
4264	1967	8	22	12	340	10	4		30			88		
4264	1967	8	22	15	340	46	4		40			88		
4264	1967	8	23	12	170	26	9		70			80		
4264	1967	8	23	15	0	0	8		80			79		
4264	1967	8	24	12	0	0	9		40			100		
4264	1967	8	24	15	360	46	9		90			98		
4264	1967	8	25	12	0	0	9		30			100		
4264	1967	8	25	15	280	26	7		50			96		
4264	1967	8	26	12	290	26	2		30			80		
4264	1967	8	26	15	260	10	7		70			85		
4264	1967	8	28	12	220	67	8		70			95		
4264	1967	8	28	15	220	67	6		80			88		
4264	1967	8	29	12	240	67	8		70			82		
4264	1967	8	29	15	180	46	9		100			78		
4264	1967	8	30	12	220	10	8		60			100		
4264	1967	8	30	15	190	46	8		80			93		
4264	1967	8	31	12	0	0	8		70			100		
4264	1967	8	31	15	0	0	8		60			95		
4264	1967	9	1	12	0	0	9		50			100		
4264	1967	9	1	15	0	0	3		70			89		
4264	1967	9	2	12	350	26	7		60			100		
4264	1967	9	2	15	0	0	6		70			81		
4264	1967	9	4	12	340	26	1		70			95		
4264	1967	9	4	15	260	10	1		60			82		
4264	1967	9	5	12	0	0	0		60			88		
4264	1967	9	5	15	280	10	5		90			92		
4264	1967	9	6	12	100	26	7		70			95		
4264	1967	9	6	15	90	10	5		80			79		
4264	1967	9	7	12	0	0	8		90			98		
4264	1967	9	7	15	0	0	8		70			86		
4264	1967	9	8	12	140	10	8		90			99		
4264	1967	9	8	15	0	0	8		70			96		
4264	1967	9	9	12	0	0	8		80			100		
4264	1967	9	9	15	0	0	8		70			100		
4264	1967	9	11	12	40	26	6		90			75		
4264	1967	9	11	15	80	10	7		30			71		
4264	1967	9	12	12	340	10	7		60			98		
4264	1967	9	12	15	0	0	5		50			92		
4264	1967	9	13	12	320	46	9		50			100		
4264	1967	9	13	15	340	67	9		10			100		
4264	1967	9	14	12	90	10	2		30			74		
4264	1967	9	14	15	360	190	2		30			69		
4264	1967	9	15	12	40	67	1		30			64		
4264	1967	9	15	15	50	67	1		20			65		
4264	1967	9	16	12	90	10	2		30			70		
4264	1967	9	16	15	0	0	4		30			68		
4264	1967	9	18	12	190	67	8		30			73		
4264	1967	9	18	15	230	93	8		60			75		
4264	1967	9	19	12	100	10	8		50			100		
4264	1967	9	19	15	0	0	8		20			100		
4264	1967	9	20	12	360	46	6		50			95		
4264	1967	9	20	15	360	46	6		40			93		
4264	1967	9	21	12	200	93	4		50			75		
4264	1967	9	21	15	180	46	7		120			50		
4264	1967	9	22	12	170	154	8		150			60		
4264	1967	9	22	15	170	154	9		150			66		
4264	1967	9	23	12	10	123	2		30			75		
4264	1967	9	23	15	10	93	0		30			72		
4264	1967	9	25	12	170	46	8		80			50		
4264	1967	9	25	15	170	26	8		90			51		
4264	1967	9	26	12	230	26	0		50			79		
4264	1967	9	26	15	230	26	0		50			100		
4264	1967	9	27	12	210	10	0		60			88		
4264	1967	9	27	15	200	67	2		80			75		
4264	1967	9	28	12	180	46	9		90			85		
4264	1967	9	28	15	190	67	8		90			85		
4264	1967	9	29	12	360	46	1		30			90		
4264	1967	9	29	15	360	67	2		20			90		
4264	1967	9	30	12	10	93	1		20			81		
4264	1967	9	30	15	10	123	0		20			73		
4264	1967	10	2	12	190	26	9		20			100		
4264	1967	10	2	15	190	10	9		30			100		
4264	1967	10	3	12	20	26	6		20			85		
4264	1967	10	3	15	350	10	8		10			85		
4264	1967	10	4	12	0	0	8		20			89		
4264	1967	10	4	15	90	10	8		10			82		
4264	1967	10	5	12	0	0	9		20			100		
4264	1967	10	5	15	0	0	9		10			100		
4264	1967	10	6	12	0	0	9		30			100		
4264	1967	10	6	15	0	0	9		10			100		
4264	1967	10	7	12	0	0	9		10			100		
4264	1967	10	7	15	0	0	7		20			100		
4264	1967	10	9	12	80	46	3		-20			72		
4264	1967	10	9	15	80	46	1		-10			65		
4264	1967	10	10	12	350	67	9		-10			90		
4264	1967	10	10	15	350	93	8		0			90		
4264	1967	10	11	12	30	26	0		-20			72		
4264	1967	10	11	15	10	46	2		0			75		
4264	1967	10	12	12	0	0	3		-20			70		
4264	1967	10	12	15	0	0	5		-10			70		
4264	1967	10	13	12	0	0	0		0			84		
4264	1967	10	13	15	20	46	0		-10			60		
4264	1967	10	14	12	0	0	0		0			62		
4264	1967	10	14	15	20	46	0		-10			59		
4264	1967	10	16	12	0	0	2		0			86		
4264	1967	10	16	15	0	0	6		10			81		
4264	1967	10	17	12	90	46	8		-20			93		
4264	1967	10	17	15	90	46	8		-10			89		
4264	1967	10	18	12	360	26	9		10			100		
4264	1967	10	18	15	0	0	9		0			100		
4264	1967	10	19	12	0	0	9		10			100		
4264	1967	10	19	15	170	26	9		-10			100		
4264	1967	10	20	12	140	26	8		0			72		
4264	1967	10	21	12	160	123	8		60			72		
4264	1967	10	21	15	160	93	8		50			72		
4264	1967	10	23	12	360	46	7		0			84		
4264	1967	10	23	15	360	46	8		0			84		
4264	1967	10	24	12	0	0	0		-30			83		
4264	1967	10	24	15	80	26	0		10			74		
4264	1967	10	25	12	90	46	6		-20			70		
4264	1967	10	25	15	90	26	7		-30			69		
4264	1967	10	26	12	10	123	6		0			82		
4264	1967	10	26	15	10	93	6		-20			74		
4264	1967	10	27	12	90	46	3		-30			55		
4264	1967	10	27	15	90	10	8		-40			56		
4264	1967	10	28	12	200	93	9		0			86		
4264	1967	10	28	15	200	123	9		30			93		
4264	1967	10	30	12	10	10	4		0			80		
4264	1967	10	30	15	10	46	6		-20			76		
4264	1967	10	31	12	10	123	0		-30			66		
4264	1967	10	31	15	10	46	3		-50			60		
4264	1967	11	1	12	90	26	8		-20			65		
4264	1967	11	1	15	90	26	8		-30			61		
4264	1967	11	2	12	100	26	8		0			85		
4264	1967	11	3	12	100	10	8		0			100		
4264	1967	11	3	15	0	0	6		0			98		
4264	1967	11	4	12	100	46	9		0			100		
4264	1967	11	4	15	100	26	9		0			100		
4264	1967	11	6	12	190	67	8		0			81		
4264	1967	11	6	15	170	190	8		-20			65		
4264	1967	11	7	12	200	93	8		0			98		
4264	1967	11	7	15	200	67	9		-10			100		
4264	1967	11	8	12	210	10	4		-2			100		
4264	1967	11	8	15	190	10	6		-30			100		
4264	1967	11	9	12	180	26	9		-2			100		
4264	1967	11	9	15	180	46	8		-30			95		
4264	1967	11	10	12	50	67	0		-30			68		
4264	1967	11	10	15	90	46	0		-60			68		
4264	1967	11	11	12	170	67	9		0			75		
4264	1967	11	11	15	170	67	9		-10			92		
4264	1967	11	13	12	110	46	5		-30			65		
4264	1967	11	13	15	110	46	4		-40			65		
4264	1967	11	14	12	170	93	9		70			71		
4264	1967	11	14	15	180	123	9		60			80		
4264	1967	11	15	12	160	67	9		50			90		
4264	1967	11	15	15	170	67	9		60			89		
4264	1967	11	16	12	270	67	6		10			83		
4264	1967	11	16	15	270	46	7		-2			94		
4264	1967	11	17	12	0	0	6		-10			70		
4264	1967	11	17	15	90	10	7		-40			70		
4264	1967	11	18	12	0	0	8		-2			80		
4264	1967	11	18	15	0	0	9		-10			76		
4264	1967	11	20	12	90	46	7		-30			65		
4264	1967	11	20	15	90	26	8		-70			70		
4264	1967	11	21	12	180	46	9		0			100		
4264	1967	11	21	15	190	46	9		0			96		
4264	1967	11	22	12	350	46	8		10			100		
4264	1967	11	22	15	350	26	9		-10			100		
4264	1967	11	23	12	30	46	5		-20			83		
4264	1967	11	23	15	30	26	0		-50			70		
4264	1967	11	24	12	160	46	8		-2			70		
4264	1967	11	24	15	160	26	8		-10			76		
4264	1967	11	25	15	180	93	9		50			90		
4264	1967	11	27	12	360	123	5		-20			85		
4264	1967	11	27	15	360	154	4		-40			85		
4264	1967	11	28	12	20	93	2		-60			65		
4264	1967	11	28	15	20	67	2		-90			61		
4264	1967	11	29	12	30	46	0		-80			68		
4264	1967	11	29	15	30	67	0		-100			62		
4264	1967	11	30	15	50	26	0		-90			58		
4264	1967	12	1	12	90	46	1		-80			65		
4264	1967	12	1	15	90	26	1		-100			60		
4264	1967	12	2	12	30	26	6		-50			68		
4264	1967	12	2	15	40	10	7		-80			58		
4264	1967	12	4	12	40	10	5		-60			60		
4264	1967	12	4	15	90	26	8		-100			62		
4264	1967	12	5	12	100	46	0		-50			65		
4264	1967	12	5	15	100	46	2		-70			65		
4264	1967	12	6	12	0	0	8		-20			70		
4264	1967	12	6	15	90	26	8		-30			70		
4264	1967	12	7	12	170	67	8		50			90		
4264	1967	12	7	15	170	46	8		70			86		
4264	1967	12	8	12	160	93	8		80			75		
4264	1967	12	8	15	160	67	8		80			83		
4264	1967	12	9	12	10	10	9		20			100		
4264	1967	12	9	15	10	26	9		-10			100		
4264	1967	12	11	12	20	26	8		-10			83		
4264	1967	12	11	15	20	26	8		-20			81		
4264	1967	12	12	12	40	26	1		-30			65		
4264	1967	12	12	15	40	10	1		-60			69		
4264	1967	12	13	12	50	10	3		-50			69		
4264	1967	12	13	15	40	10	0		-70			70		
4264	1967	12	14	12	100	26	1		-50			65		
4264	1967	12	14	15	120	10	8		-50			70		
4264	1967	12	15	12	0	0	3		-30			80		
4264	1967	12	15	15	10	10	8		-40			87		
4264	1967	12	16	12	160	93	6		110			45		
4264	1967	12	16	15	160	67	5		120			43		
4264	1967	12	18	12	0	0	8		120			70		
4264	1967	12	18	15	0	0	7		40			73		
4264	1967	12	19	12	0	0	1		30			100		
4264	1967	12	19	15	0	0	0		20			84		
4264	1967	12	20	12	200	26	9		40			100		
4264	1967	12	20	15	0	0	0		40			100		
4264	1967	12	21	12	90	26	0		50			80		
4264	1967	12	21	15	90	26	2		30			75		
4264	1967	12	22	12	0	0	4		40			80		
4264	1967	12	22	15	0	0	3		50			80		
4264	1967	12	23	15	190	46	9		0			100		
4264	1967	12	27	12	160	93	8		10			92		
4264	1967	12	27	15	160	93	9		0			98		
4264	1967	12	28	12	70	46	9		50			100		
4264	1967	12	28	15	170	46	9		50			100		
4264	1967	12	29	12	280	67	7		-50			100		
4264	1967	12	29	15	280	93	9		-70			100		
4264	1967	12	30	12	0	0	9		-50			100		
4264	1967	12	30	15	20	26	8		-70			100		
4264	1968	1	2	12	0	0	8		-20			100		
4264	1968	1	2	15	0	0	8		-40			100		
4264	1968	1	3	12	0	0	8		-10			100		
4264	1968	1	3	15	90	26	8		0			100		
4264	1968	1	4	12	90	10	7		-20			98		
4264	1968	1	4	15	100	10	4		-20			100		
4264	1968	1	5	12	100	26	2		-30			100		
4264	1968	1	5	15	90	26	2		-50			98		
4264	1968	1	6	12	100	46	0		-10			100		
4264	1968	1	6	15	100	26	2		-20			98		
4264	1968	1	8	12	130	10	0		-20			96		
4264	1968	1	8	15	130	10	0		-40			97		
4264	1968	1	9	12	0	0	9		0			100		
4264	1968	1	9	15	180	10	9		30			100		
4264	1968	1	10	12	280	26	9		0			100		
4264	1968	1	10	15	150	10	9		0			100		
4264	1968	1	11	12	180	67	8		0			88		
4264	1968	1	11	15	170	46	6		0			84		
4264	1968	1	12	12	0	0	0		-50			80		
4264	1968	1	12	15	90	10	2		-60			77		
4264	1968	1	13	12	20	46	2		-20			82		
4264	1968	1	13	15	30	26	2		-40			83		
4264	1968	1	15	12	170	26	9		-30			90		
4264	1968	1	15	15	170	26	7		-40			94		
4264	1968	1	16	12	140	26	4		-50			92		
4264	1968	1	16	15	170	46	8		-40			76		
4264	1968	1	17	12	360	46	8		-30			80		
4264	1968	1	17	15	360	46	6		-50			80		
4264	1968	1	18	12	10	67	8		-30			85		
4264	1968	1	18	15	10	67	8		-50			85		
4264	1968	1	19	12	350	46	9		-30			86		
4264	1968	1	19	15	350	26	9		-50			86		
4264	1968	1	20	12	90	46	3		-60			81		
4264	1968	1	20	15	90	26	3		-70			81		
4264	1968	1	22	12	90	46	6		-20			80		
4264	1968	1	22	15	170	26	8		0			75		
4264	1968	1	23	12	170	268	9		0			87		
4264	1968	1	23	15	170	226	9		0			88		
4264	1968	1	24	12	350	26	9		-30			100		
4264	1968	1	24	15	350	26	9		-50			100		
4264	1968	1	25	12	140	67	9		-20			100		
4264	1968	1	25	15	140	67	9		-20			100		
4264	1968	1	26	12	130	26	9		-50			100		
4264	1968	1	26	15	130	46	9		-30			100		
4264	1968	1	27	12	120	46	8		-20			100		
4264	1968	1	27	15	90	46	9		-30			100		
4264	1968	1	29	12	90	67	0		-80			100		
4264	1968	1	29	15	40	67	0		-130			100		
4264	1968	1	30	12	10	123	0		-80			100		
4264	1968	1	30	15	50	46	0		-130			100		
4264	1968	1	31	12	320	67	9		-20			100		
4264	1968	1	31	15	360	26	9		-50			100		
4264	1968	2	1	12	100	26	6		-80			100		
4264	1968	2	1	15	90	46	6		-110			100		
4264	1968	2	2	12	300	26	8		-40			100		
4264	1968	2	2	15	300	26	8		-80			100		
4264	1968	2	3	12	40	5	3		-120			100		
4264	1968	2	3	15	80	46	2		-140			100		
4264	1968	2	5	12	170	67	9		0			100		
4264	1968	2	5	15	290	46	9		-20			100		
4264	1968	2	6	12	0	0	4		-60			100		
4264	1968	2	6	15	0	0	2		-70			100		
4264	1968	2	7	12	170	67	4		40			100		
4264	1968	2	7	15	170	67	6		50			100		
4264	1968	2	8	12	170	46	8		30			98		
4264	1968	2	8	15	170	46	8		40			100		
4264	1968	2	9	12	0	0	8		-10			97		
4264	1968	2	9	15	0	0	8		-30			98		
4264	1968	2	10	12	90	10	8		-10			100		
4264	1968	2	12	12	210	46	8		10			98		
4264	1968	2	12	15	190	26	8		20			98		
4264	1968	2	13	12	180	10	8		10			100		
4264	1968	2	13	15	180	10	8		10			100		
4264	1968	2	14	12	180	26	8		40			98		
4264	1968	2	14	15	180	46	8		80			98		
4264	1968	2	15	12	0	0	8		20			100		
4264	1968	2	15	15	170	67	6		90			98		
4264	1968	2	16	12	210	93	9		10			100		
4264	1968	2	16	15	210	46	9		30			100		
4264	1968	2	17	12	60	26	8		0			97		
4264	1968	2	17	15	90	26	8		0			96		
4264	1968	2	19	12	0	0	0		0			95		
4264	1968	2	19	15	60	10	0		30			95		
4264	1968	2	20	12	210	67	7		0			95		
4264	1968	2	20	15	210	67	9		10			96		
4264	1968	2	21	12	0	0	7		40			100		
4264	1968	2	21	15	110	10	7		90			97		
4264	1968	2	22	12	0	0	4		-20			100		
4264	1968	2	22	15	90	26	8		-20			100		
4264	1968	2	23	12	180	93	9		-10			100		
4264	1968	2	23	15	180	93	9		-40			98		
4264	1968	2	24	12	0	0	8		-10			98		
4264	1968	2	24	15	0	0	6		40			97		
4264	1968	2	26	12	20	46	9		-20			98		
4264	1968	2	26	15	20	46	9		-40			97		
4264	1968	2	27	12	20	46	8		-100			98		
4264	1968	2	27	15	20	67	8		-110			96		
4264	1968	2	28	12	90	46	4		-130			98		
4264	1968	2	28	15	90	26	4		-130			97		
4264	1968	3	5	12	170	67	9		60			85		
4264	1968	3	6	12	190	46	8		40			88		
4264	1968	3	6	15	200	154	8		60			91		
4264	1968	3	7	12	220	26	8		-10			93		
4264	1968	3	7	15	190	10	9		-20			98		
4264	1968	3	8	12	0	0	8		-2			97		
4264	1968	3	8	15	170	67	8		90			90		
4264	1968	3	11	12	10	26	8		-2			95		
4264	1968	3	11	15	10	26	7		-20			95		
4264	1968	3	12	15	170	67	8		-20			95		
4264	1968	3	13	15	360	154	9		-100			100		
4264	1968	3	14	12	90	46	6		-80			100		
4264	1968	3	14	15	90	26	6		-80			100		
4264	1968	3	15	12	360	190	9		-50			100		
4264	1968	3	15	15	360	190	9		-60			100		
4264	1968	3	16	12	30	67	6		-80			100		
4264	1968	3	16	15	30	46	4		-90			100		
4264	1968	3	18	12	10	26	2		-90			100		
4264	1968	3	18	15	10	67	2		-120			100		
4264	1968	3	19	12	80	26	1		-110			100		
4264	1968	3	19	15	50	26	1		-100			100		
4264	1968	3	20	12	90	26	8		-110			100		
4264	1968	3	20	15	80	26	7		-120			100		
4264	1968	3	21	12	90	26	7		-130			100		
4264	1968	3	21	15	40	26	4		-140			100		
4264	1968	3	22	12	20	46	2		-110			100		
4264	1968	3	22	15	20	46	2		-120			100		
4264	1968	3	23	12	90	10	2		-120			65		
4264	1968	3	23	15	90	10	7		-120			54		
4264	1968	3	25	12	80	26	8		-30			76		
4264	1968	3	25	15	0	0	8		-30			70		
4264	1968	3	26	12	10	46	9		-80			90		
4264	1968	3	26	15	10	93	5		-100			80		
4264	1968	3	27	12	20	46	1		-60			68		
4264	1968	3	27	15	20	67	1		-70			60		
4264	1968	3	28	12	80	26	1		-100			65		
4264	1968	3	28	15	90	10	1		-90			61		
4264	1968	3	29	12	90	10	0		-90			61		
4264	1968	3	29	15	90	10	0		-80			58		
4264	1968	3	30	12	90	10	0		-50			61		
4264	1968	3	30	15	90	10	0		-60			55		
4264	1968	4	1	12	140	10	8		0			64		
4264	1968	4	1	15	140	10	7		0			65		
4264	1968	4	2	12	170	46	4		30			60		
4264	1968	4	2	15	180	46	4		40			60		
4264	1968	4	3	12	180	26	3		20			60		
4264	1968	4	3	15	180	26	3		50			58		
4264	1968	4	4	12	180	26	5		70			46		
4264	1968	4	4	15	180	46	5		80			46		
4264	1968	4	5	12	0	0	9		0			100		
4264	1968	4	5	15	0	0	9		0			95		
4264	1968	4	6	12	180	26	7		20			57		
4264	1968	4	6	15	180	46	7		40			64		
4264	1968	4	8	12	250	26	8		0			93		
4264	1968	4	8	15	260	26	4		20			82		
4264	1968	4	9	12	80	26	4		20			60		
4264	1968	4	9	15	80	10	3		30			55		
4264	1968	4	10	12	0	0	4		0			69		
4264	1968	4	10	15	0	0	5		20			60		
4264	1968	4	13	12	30	10	0		0			74		
4264	1968	4	13	15	150	10	1		20			61		
4264	1968	4	16	12	250	26	1		50			65		
4264	1968	4	16	15	270	26	1		0			64		
4264	1968	4	17	12	260	10	8		50			68		
4264	1968	4	17	15	250	26	8		30			71		
4264	1968	4	18	12	360	123	6		0			85		
4264	1968	4	18	15	360	123	6		-20			86		
4264	1968	4	19	12	0	0	8		0			90		
4264	1968	4	19	15	0	0	8		0			88		
4264	1968	4	20	12	20	67	3		0			78		
4264	1968	4	20	15	20	67	2		-20			70		
4264	1968	4	22	12	90	26	0		0			65		
4264	1968	4	23	12	10	46	4		-10			76		
4264	1968	4	23	15	10	67	2		-20			75		
4264	1968	4	24	12	0	0	8		0			60		
4264	1968	4	24	15	0	0	8		-10			65		
4264	1968	4	25	12	200	26	9		0			100		
4264	1968	4	25	15	200	26	9		0			100		
4264	1968	4	26	15	20	46	2		-10			75		
4264	1968	4	27	12	100	26	6		0			55		
4264	1968	4	27	15	0	0	8		0			55		
4264	1968	4	29	12	170	26	3		40			60		
4264	1968	4	29	15	190	26	6		60			58		
4264	1968	4	30	12	210	46	2		30			82		
4264	1968	4	30	15	210	26	6		40			80		
4264	1968	5	1	12	0	0	8		20			90		
4264	1968	5	1	15	0	0	8		30			85		
4264	1968	5	2	12	100	26	7		30			76		
4264	1968	5	2	15	210	10	5		50			70		
4264	1968	5	3	12	0	0	4		50			71		
4264	1968	5	3	15	210	67	2		80			55		
4264	1968	5	4	12	180	46	8		80			65		
4264	1968	5	4	15	180	46	8		100			60		
4264	1968	5	6	12	30	10	8		20			90		
4264	1968	5	6	15	30	10	8		40			90		
4264	1968	5	7	12	0	0	9		30			96		
4264	1968	5	7	15	0	0	9		50			95		
4264	1968	5	8	12	360	10	9		40			99		
4264	1968	5	8	15	350	10	8		10			99		
4264	1968	5	9	12	0	0	5		10			87		
4264	1968	5	9	15	290	10	2		10			85		
4264	1968	5	11	12	260	10	8		50			74		
4264	1968	5	11	15	270	10	8		30			73		
4264	1968	5	13	12	0	0	1		20			65		
4264	1968	5	13	15	0	0	1		40			60		
4264	1968	5	14	12	270	10	2		80			83		
4264	1968	5	14	15	270	10	2		50			65		
4264	1968	5	15	12	0	0	1		50			56		
4264	1968	5	15	15	0	0	1		60			62		
4264	1968	5	16	12	90	10	7		60			56		
4264	1968	5	16	15	0	0	8		90			48		
4264	1968	5	17	12	0	0	8		100			65		
4264	1968	5	17	15	0	0	8		120			61		
4264	1968	5	18	12	0	0	2		110			65		
4264	1968	5	18	15	0	0	1		140			61		
4264	1968	5	20	12	0	0	0		100			56		
4264	1968	5	20	15	260	10	0		130			60		
4264	1968	5	21	12	40	10	0		70			58		
4264	1968	5	21	15	20	26	0		90			60		
4264	1968	5	22	12	20	46	4		50			77		
4264	1968	5	22	15	20	46	4		70			70		
4264	1968	5	24	12	0	0	1		100			65		
4264	1968	5	24	15	300	26	1		90			48		
4264	1968	5	25	15	20	26	5		90			70		
4264	1968	5	27	12	340	10	1		60			80		
4264	1968	5	27	15	280	26	1		100			68		
4264	1968	5	28	12	10	46	9		20			92		
4264	1968	5	29	12	350	67	8		-2			86		
4264	1968	5	29	15	350	46	8		0			80		
4264	1968	5	30	12	360	26	8		10			90		
4264	1968	5	30	15	360	10	8		20			85		
4264	1968	5	31	15	260	26	9		80			82		
4264	1968	6	1	12	270	10	8		20			93		
4264	1968	6	1	15	270	26	8		30			90		
4264	1968	6	4	12	350	46	8		10			90		
4264	1968	6	4	15	350	46	8		10			82		
4264	1968	6	5	12	350	26	1		30			75		
4264	1968	6	5	15	350	26	2		40			75		
4264	1968	6	6	12	260	10	6		30			80		
4264	1968	6	6	15	250	26	4		70			70		
4264	1968	6	7	12	270	10	1		60			75		
4264	1968	6	7	15	270	10	1		100			62		
4264	1968	6	8	12	0	0	1		100			48		
4264	1968	6	8	15	350	26	1		120			50		
4264	1968	6	10	12	270	10	4		40			90		
4264	1968	6	10	15	270	10	2		80			80		
4264	1968	6	11	15	360	46	9		20			95		
4264	1968	6	12	12	360	26	9		20			99		
4264	1968	6	12	15	360	26	9		20			95		
4264	1968	6	13	12	220	10	8		20			90		
4264	1968	6	13	15	0	0	8		20			92		
4264	1968	6	14	12	360	67	9		20			100		
4264	1968	6	14	15	10	93	9		30			97		
4264	1968	6	15	12	350	10	2		40			74		
4264	1968	6	17	12	0	0	8		30			80		
4264	1968	6	17	15	220	46	8		110			57		
4264	1968	6	18	12	260	10	9		20			98		
4264	1968	6	18	15	260	10	9		40			95		
4264	1968	6	19	15	260	26	0		60			80		
4264	1968	6	20	12	0	0	1		90			55		
4264	1968	6	20	15	0	0	0		140			48		
4264	1968	6	21	12	260	10	0		90			54		
4264	1968	6	21	15	260	10	0		120			58		
4264	1968	6	22	12	260	26	0		50			54		
4264	1968	6	22	15	240	46	9		70			90		
4264	1968	6	24	12	0	0	9		20			99		
4264	1968	6	24	15	280	10	9		40			90		
4264	1968	6	25	12	10	26	9		30			100		
4264	1968	6	25	15	280	10	8		40			90		
4264	1968	6	26	12	280	10	9		40			90		
4264	1968	6	26	15	0	0	9		50			90		
4264	1968	6	27	12	10	26	8		30			91		
4264	1968	6	27	15	10	67	7		40			91		
4264	1968	6	28	12	0	0	8		40			90		
4264	1968	6	28	15	260	10	8		50			95		
4264	1968	6	29	12	210	26	8		50			99		
4264	1968	6	29	15	210	26	8		50			95		
4264	1968	7	1	12	270	10	3		80			77		
4264	1968	7	1	15	270	10	2		60			81		
4264	1968	7	2	12	0	0	8		70			84		
4264	1968	7	2	15	0	0	8		80			82		
4264	1968	7	5	15	270	10	2		150			68		
4264	1968	7	6	12	0	0	0		90			75		
4264	1968	7	6	15	260	26	0		110			75		
4264	1968	7	8	15	0	0	8		120			76		
4264	1968	7	9	12	0	0	8		70			99		
4264	1968	7	9	15	0	0	8		90			92		
4264	1968	7	10	12	0	0	3		70			65		
4264	1968	7	10	15	270	10	3		130			55		
4264	1968	7	11	12	200	93	8		60			95		
4264	1968	7	11	15	200	10	8		70			98		
4264	1968	7	12	12	200	67	8		60			95		
4264	1968	7	12	15	210	67	8		80			95		
4264	1968	7	13	12	290	10	9		30			100		
4264	1968	7	13	15	0	0	9		30			100		
4264	1968	7	15	12	0	0	8		70			70		
4264	1968	7	15	15	240	46	8		80			70		
4264	1968	7	16	12	210	67	8		40			98		
4264	1968	7	16	15	210	21	8		80			85		
4264	1968	7	17	12	20	26	4		100			72		
4264	1968	7	17	15	10	46	4		100			76		
4264	1968	7	18	12	0	0	3		30			85		
4264	1968	7	18	15	290	26	7		60			82		
4264	1968	7	19	12	20	46	4		80			88		
4264	1968	7	19	15	0	0	4		80			80		
4264	1968	7	20	12	210	26	2		80			85		
4264	1968	7	20	15	210	46	4		80			85		
4264	1968	7	22	12	200	26	9		40			100		
4264	1968	7	22	15	200	26	9		80			100		
4264	1968	7	23	12	0	0	9		40			100		
4264	1968	7	23	15	0	0	0		70			86		
4264	1968	7	24	12	300	10	9		30			98		
4264	1968	7	24	15	240	26	9		20			92		
4264	1968	7	25	12	0	0	8		40			90		
4264	1968	7	25	15	0	0	8		40			88		
4264	1968	7	26	12	0	0	8		40			93		
4264	1968	7	26	15	240	10	9		50			95		
4264	1968	7	27	12	0	0	9		50			99		
4264	1968	7	27	15	360	10	8		70			93		
4264	1968	7	29	12	0	0	2		70			87		
4264	1968	7	29	15	0	0	8		60			86		
4264	1968	7	30	12	200	67	8		110			76		
4264	1968	7	31	12	0	0	8		60			100		
4264	1968	7	31	15	0	0	8		100			100		
4264	1968	8	1	12	170	67	8		80			70		
4264	1968	8	2	12	200	46	8		70			90		
4264	1968	8	2	15	200	46	9		90			96		
4264	1968	8	3	12	170	67	9		80			82		
4264	1968	8	3	15	170	26	9		90			90		
4264	1968	8	5	12	160	26	9		80			86		
4264	1968	8	5	15	250	26	9		80			100		
4264	1968	8	6	12	10	10	7		40			95		
4264	1968	8	6	15	360	26	2		70			82		
4264	1968	8	7	12	210	26	9		30			100		
4264	1968	8	7	15	190	93	9		50			92		
4264	1968	8	8	12	170	123	8		90			75		
4264	1968	8	8	15	170	93	8		90			73		
4264	1968	8	9	12	230	46	8		80			77		
4264	1968	8	9	15	0	0	8		80			90		
4264	1968	8	10	12	0	0	8		100			75		
4264	1968	8	10	15	130	10	3		180			45		
4264	1968	8	12	12	0	0	7		180			82		
4264	1968	8	12	15	0	0	8		100			70		
4264	1968	8	13	12	0	0	2		100			81		
4264	1968	8	13	15	350	10	1		110			67		
4264	1968	8	14	12	310	10	4		30			90		
4264	1968	8	14	15	250	26	4		60			85		
4264	1968	8	15	12	20	10	0		30			92		
4264	1968	8	15	15	260	26	0		60			85		
4264	1968	8	16	12	360	10	9		0			100		
4264	1968	8	16	15	0	0	9		10			99		
4264	1968	8	17	12	360	10	9		0			100		
4264	1968	8	17	15	260	10	9		10			98		
4264	1968	8	19	12	0	0	8		70			93		
4264	1968	8	19	15	350	10	9		40			90		
4264	1968	8	20	12	0	0	9		10			100		
4264	1968	8	21	12	280	10	9		0			100		
4264	1968	8	21	15	280	26	9		0			99		
4264	1968	8	22	12	30	26	1		20			94		
4264	1968	8	22	15	260	10	0		60			76		
4264	1968	8	23	12	10	46	9		20			100		
4264	1968	8	24	12	0	0	0		50			90		
4264	1968	8	24	15	360	67	0		80			55		
4264	1968	8	26	12	360	46	1		30			93		
4264	1968	8	26	15	360	46	1		40			90		
4264	1968	8	27	12	90	46	8		30			87		
4264	1968	8	27	15	90	26	8		70			73		
4264	1968	8	28	12	0	0	9		50			100		
4264	1968	8	28	15	10	26	8		70			95		
4264	1968	8	29	12	360	123	9		20			100		
4264	1968	8	29	15	10	93	2		30			98		
4264	1968	8	30	12	0	0	2		40			92		
4264	1968	8	30	15	310	10	2		90			90		
4264	1968	8	31	15	10	46	0		80			75		
4264	1968	9	2	12	10	67	0		50			85		
4264	1968	9	2	15	10	123	0		70			65		
4264	1968	9	3	12	20	154	0		50			52		
4264	1968	9	3	15	20	123	0		70			54		
4264	1968	9	4	12	0	0	6		30			85		
4264	1968	9	4	15	350	67	2		40			85		
4264	1968	9	5	12	10	154	1		30			48		
4264	1968	9	5	15	10	226	6		60			50		
4264	1968	9	6	12	0	0	0		40			80		
4264	1968	9	6	15	20	10	0		70			70		
4264	1968	9	7	12	270	10	0		40			75		
4264	1968	9	7	15	230	26	3		100			58		
4264	1968	9	10	12	0	0	9		100			100		
4264	1968	9	10	15	0	0	8		110			98		
4264	1968	9	11	12	350	67	8		30			98		
4264	1968	9	11	15	360	46	9		30			99		
4264	1968	9	12	12	0	0	8		10			99		
4264	1968	9	12	15	0	0	6		30			90		
4264	1968	9	13	12	30	10	9		0			100		
4264	1968	9	13	15	0	0	4		50			90		
4264	1968	9	14	12	100	10	6		90			60		
4264	1968	9	14	15	100	10	6		100			58		
4264	1968	9	16	12	40	26	7		40			98		
4264	1968	9	16	15	40	10	5		50			91		
4264	1968	9	18	12	80	10	0		20			98		
4264	1968	9	18	15	80	10	0		70			80		
4264	1968	9	19	12	160	26	8		50			85		
4264	1968	9	19	15	210	26	8		50			98		
4264	1968	9	20	12	20	123	9		30			100		
4264	1968	9	20	15	20	123	9		30			100		
4264	1968	9	21	12	20	93	8		20			100		
4264	1968	9	21	15	20	123	8		30			98		
4264	1968	9	23	12	10	154	6		20			88		
4264	1968	9	23	15	30	93	6		30			82		
4264	1968	9	24	12	90	46	3		40			56		
4264	1968	9	24	15	90	26	0		60			46		
4264	1968	9	25	12	0	0	0		40			55		
4264	1968	9	26	12	30	10	6		0			100		
4264	1968	9	26	15	230	10	9		0			98		
4264	1968	9	27	12	0	0	4		20			83		
4264	1968	9	27	15	0	0	1		50			68		
4264	1968	9	28	12	0	0	1		60			99		
4264	1968	9	28	15	350	10	1		20			72		
4264	1968	9	30	12	90	10	1		60			56		
4264	1968	9	30	15	270	10	2		40			65		
4264	1968	10	1	12	90	10	3		40			57		
4264	1968	10	1	15	0	0	2		60			47		
4264	1968	10	2	12	170	26	8		40			65		
4264	1968	10	2	15	170	46	8		70			55		
4264	1968	10	3	12	10	26	6		20			62		
4264	1968	10	3	15	190	46	4		80			52		
4264	1968	10	4	12	90	26	2		20			65		
4264	1968	10	4	15	90	26	2		70			60		
4264	1968	10	7	12	0	0	2		20			90		
4264	1968	10	7	15	0	0	2		40			70		
4264	1968	10	8	12	0	0	4		10			95		
4264	1968	10	8	15	260	10	4		50			80		
4264	1968	10	9	12	90	26	6		0			100		
4264	1968	10	9	15	0	0	6		30			70		
4264	1968	10	10	12	0	0	0		10			90		
4264	1968	10	10	15	0	0	0		30			80		
4264	1968	10	11	12	100	10	8		0			98		
4264	1968	10	12	12	100	10	7		-10			100		
4264	1968	10	12	15	0	0	4		0			85		
4264	1968	10	14	12	100	26	0		0			60		
4264	1968	10	14	15	0	0	0		20			55		
4264	1968	10	15	12	160	46	8		20			55		
4264	1968	10	16	12	170	46	7		30			60		
4264	1968	10	16	15	170	26	7		60			48		
4264	1968	10	17	12	20	46	0		20			80		
4264	1968	10	17	15	0	0	1		30			65		
4264	1968	10	18	12	90	10	8		-10			100		
4264	1968	10	18	15	20	10	5		20			93		
4264	1968	10	19	12	20	26	7		-10			90		
4264	1968	10	19	15	20	26	7		0			88		
4264	1968	10	21	12	90	10	9		0			100		
4264	1968	10	21	15	90	10	7		10			98		
4264	1968	10	22	12	170	46	8		50			70		
4264	1968	10	22	15	170	46	8		60			70		
4264	1968	10	23	12	0	0	7		50			96		
4264	1968	10	23	15	0	0	8		40			91		
4264	1968	10	24	12	0	0	9		0			100		
4264	1968	10	24	15	10	46	3		0			100		
4264	1968	10	25	12	110	26	9		0			100		
4264	1968	10	25	15	0	0	9		-10			100		
4264	1968	10	26	12	0	0	6		0			100		
4264	1968	10	26	15	90	10	3		0			98		
4264	1968	10	28	12	90	10	7		0			76		
4264	1968	10	28	15	90	10	5		0			65		
4264	1968	10	29	12	0	0	4		0			70		
4264	1968	10	29	15	90	67	0		0			60		
4264	1968	10	30	12	180	26	4		0			62		
4264	1968	10	30	15	90	67	4		0			52		
4264	1968	10	31	12	90	67	1		0			60		
4264	1968	10	31	15	90	67	1		30			50		
4264	1968	11	1	12	90	46	6		10			60		
4264	1968	11	1	15	90	46	0		20			60		
4264	1968	11	2	12	90	67	6		0			60		
4264	1968	11	2	15	90	67	6		20			55		
4264	1968	11	4	12	90	46	5		0			65		
4264	1968	11	4	15	90	46	5		0			60		
4264	1968	11	5	12	0	0	0		-20			65		
4264	1968	11	5	15	0	0	0		-20			60		
4264	1968	11	6	12	90	46	7		-10			70		
4264	1968	11	6	15	90	26	7		-40			70		
4264	1968	11	7	12	110	46	0		-10			75		
4264	1968	11	7	15	90	26	0		-20			65		
4264	1968	11	8	12	0	0	2		-20			80		
4264	1968	11	8	15	110	10	2		-30			70		
4264	1968	11	9	12	90	46	3		-10			80		
4264	1968	11	9	15	60	26	1		-20			70		
4264	1968	11	11	12	10	67	5		-10			85		
4264	1968	11	12	12	20	26	3		-20			85		
4264	1968	11	12	15	20	46	3		-40			88		
4264	1968	11	13	12	20	123	0		0			75		
4264	1968	11	13	15	20	123	0		-20			75		
4264	1968	11	14	12	0	0	0		-30			70		
4264	1968	11	14	15	110	10	0		-60			70		
4264	1968	11	15	12	100	67	3		-10			70		
4264	1968	11	15	15	100	46	2		-30			65		
4264	1968	11	16	12	90	26	8		-2			85		
4264	1968	11	16	15	90	10	8		-2			90		
4264	1968	11	18	12	100	10	9		-2			100		
4264	1968	11	18	15	90	10	8		-2			100		
4264	1968	11	19	12	0	0	9		-10			100		
4264	1968	11	19	15	0	0	9		-40			100		
4264	1968	11	20	12	90	46	0		-20			80		
4264	1968	11	20	15	0	0	0		-40			80		
4264	1968	11	21	12	160	123	7		70			42		
4264	1968	11	21	15	160	93	7		60			65		
4264	1968	11	22	12	10	26	8		10			80		
4264	1968	11	22	15	0	0	6		10			80		
4264	1968	11	23	12	340	93	9		10			90		
4264	1968	11	23	15	10	93	8		-2			85		
4264	1968	11	24	12	90	46	0		-30			65		
4264	1968	11	24	15	90	26	0		-70			76		
4264	1968	11	26	12	90	26	0		-70			75		
4264	1968	11	26	15	90	26	0		-80			70		
4264	1968	11	27	12	170	226	9		60			70		
4264	1968	11	27	15	180	268	9		80			65		
4264	1968	11	28	12	250	67	9		60			100		
4264	1968	11	28	15	250	46	9		-10			95		
4264	1968	11	29	12	170	154	9		-10			90		
4264	1968	11	29	15	170	195	9		-20			100		
4264	1968	11	30	15	160	67	9		-50			100		
4264	1968	12	2	12	40	46	8		-10			98		
4264	1968	12	2	15	20	46	9		-20			98		
4264	1968	12	3	12	0	0	8		-10			95		
4264	1968	12	3	15	10	46	9		-10			100		
4264	1968	12	4	12	0	0	8		-10			100		
4264	1968	12	5	12	10	154	8		-10			90		
4264	1968	12	5	15	10	154	8		-20			85		
4264	1968	12	6	12	0	0	8		-20			85		
4264	1968	12	6	15	0	0	8		-30			80		
4264	1968	12	7	12	90	26	8		-10			75		
4264	1968	12	7	15	90	10	8		0					
4264	1968	12	9	12	10	46	9		-20			90		
4264	1968	12	9	15	10	26	6		-40			90		
4264	1968	12	10	12	90	26	8		-40			85		
4264	1968	12	10	15	360	46	9		-50			100		
4264	1968	12	11	12	360	123	9		-20			90		
4264	1968	12	11	15	350	154	9		-30			93		
4264	1968	12	12	12	100	46	9		-50			90		
4264	1968	12	12	15	90	46	7		-90			92		
4264	1968	12	13	12	10	46	6		-60			62		
4264	1968	12	13	15	10	93	8		-70			65		
4264	1968	12	14	12	90	26	0		-80			75		
4264	1968	12	14	15	90	26	6		-100			76		
4264	1968	12	16	12	30	46	8		-20			80		
4264	1968	12	16	15	20	67	6		-40			80		
4264	1968	12	17	12	90	46	0		-80			90		
4264	1968	12	17	15	90	10	0		-90			80		
4264	1968	12	18	12	90	26	8		-10			78		
4264	1968	12	18	15	90	26	8		-20			68		
4264	1968	12	19	12	100	46	9		-30			95		
4264	1968	12	19	15	100	46	9		-50			100		
4264	1968	12	20	12	80	46	1		-100			85		
4264	1968	12	20	15	80	46	1		-120			80		
4264	1968	12	21	12	90	26	6		-100			75		
4264	1968	12	21	15	100	10	6		-120			75		
4264	1968	12	23	12	100	10	0		-100			75		
4264	1968	12	23	15	100	26	2		-100			73		
4264	1968	12	27	12	170	46	2		70			55		
4264	1968	12	27	15	150	46	2		110			53		
4264	1968	12	28	12	0	0	8		30			90		
4264	1968	12	28	15	180	46	7		40			80		
4264	1968	12	30	12	130	26	8		-10			100		
4264	1968	12	30	15	90	46	8		-10			100		
4264	1969	1	2	15	150	26	6		0			70		
4264	1969	1	3	12	0	0	8		-10			75		
4264	1969	1	3	15	130	26	8		30			75		
4264	1969	1	4	12	180	123	7		80			48		
4264	1969	1	4	15	180	67	8		80			50		
4264	1969	1	6	12	200	93	9		10			100		
4264	1969	1	7	12	170	26	8		50			50		
4264	1969	1	7	15	170	26	8		90			47		
4264	1969	1	8	12	90	26	1		-20			60		
4264	1969	1	8	15	0	0	1		-10			56		
4264	1969	1	9	12	90	46	0		-10			60		
4264	1969	1	10	12	90	26	4		-20			65		
4264	1969	1	10	15	110	10	4		-30			70		
4264	1969	1	11	12	140	26	1		-2			65		
4264	1969	1	11	15	0	0	3		-10			65		
4264	1969	1	13	12	170	26	8		-10			65		
4264	1969	1	13	15	0	0	8		-20			71		
4264	1969	1	14	12	0	0	8		-20			100		
4264	1969	1	14	15	0	0	7		-30			93		
4264	1969	1	15	12	150	26	8		-10			90		
4264	1969	1	15	15	110	26	8		-20			92		
4264	1969	1	16	12	10	46	0		-30			82		
4264	1969	1	16	15	0	0	0		-60			92		
4264	1969	1	17	12	90	46	3		-60			85		
4264	1969	1	17	15	90	67	3		-100			75		
4264	1969	1	18	12	100	46	5		-80			68		
4264	1969	1	18	15	100	46	1		-90			65		
4264	1969	1	20	12	110	46	2		-20			65		
4264	1969	1	20	15	110	46	2		-50			68		
4264	1969	1	21	12	110	26	8		-20			88		
4264	1969	1	21	15	0	0	6		-30			85		
4264	1969	1	22	12	0	0	3		-10			85		
4264	1969	1	22	15	90	46	2		-55			75		
4264	1969	1	23	12	110	10	6		-30			80		
4264	1969	1	23	15	0	0	6		-55			80		
4264	1969	1	24	12	10	67	8		-10			86		
4264	1969	1	24	15	10	67	9		-30			90		
4264	1969	1	25	12	20	93	8		-30			85		
4264	1969	1	25	15	20	67	8		-50			85		
4264	1969	1	27	12	210	67	8		0			100		
4264	1969	1	27	15	210	67	9		10			100		
4264	1969	1	28	12	360	67	8		-20			95		
4264	1969	1	28	15	360	93	8		-30			90		
4264	1969	1	29	12	30	149	9		-60			90		
4264	1969	1	29	15	30	123	6		-90			75		
4264	1969	1	30	12	90	67	3		-100			60		
4264	1969	1	30	15	90	46	8		-100			63		
4264	1969	1	31	12	350	46	8		-70			80		
4264	1969	1	31	15	80	26	4		-90			80		
4264	1969	2	1	12	170	154	9		0			90		
4264	1969	2	1	15	170	123	9		10			100		
4264	1969	2	3	12	90	46	5		-60			86		
4264	1969	2	4	12	90	67	2		-100			68		
4264	1969	2	4	15	90	67	2		-100			65		
4264	1969	2	5	12	100	67	6		-70			65		
4264	1969	2	5	15	90	46	6		-80			62		
4264	1969	2	6	12	200	123	8		0			52		
4264	1969	2	6	15	170	123	8		0			52		
4264	1969	2	7	12	180	93	8		-20			50		
4264	1969	2	7	15	180	123	8		-50			50		
4264	1969	2	8	12	180	67	9		0			90		
4264	1969	2	8	15	180	93	9		0			80		
4264	1969	2	10	12	250	67	8		-10			100		
4264	1969	2	10	15	270	46	6		-10			100		
4264	1969	2	11	12	100	46	8		-30			73		
4264	1969	2	11	15	100	26	8		-40			65		
4264	1969	2	12	12	190	67	8		-50			50		
4264	1969	2	12	15	160	123	8		-60			60		
4264	1969	2	13	12	180	67	9		-80			70		
4264	1969	2	13	15	160	67	8		-70			73		
4264	1969	2	14	12	170	46	4		-80			75		
4264	1969	2	14	15	260	46	4		-80			85		
4264	1969	2	15	12	260	26	8		40			78		
4264	1969	2	15	15	0	0	8		50			85		
4264	1969	2	17	12	90	26	0		0			95		
4264	1969	2	17	15	90	10	0		-10			60		
4264	1969	2	18	12	0	0	9		-20			100		
4264	1969	2	19	12	190	46	6		30			70		
4264	1969	2	19	15	190	46	2		30			70		
4264	1969	2	20	12	210	26	9		0			90		
4264	1969	2	20	15	250	10	9		0			100		
4264	1969	2	21	12	30	67	4		-20			75		
4264	1969	2	22	12	50	46	0		-40			65		
4264	1969	2	22	15	20	93	0		-40			65		
4264	1969	2	24	12	40	26	0		-50			70		
4264	1969	2	24	15	0	0	0		-50			62		
4264	1969	2	25	12	120	10	4		-50			80		
4264	1969	2	25	15	120	10	3		-50			70		
4264	1969	2	26	12	90	26	8		-40			64		
4264	1969	2	26	15	180	46	6		-40			70		
4264	1969	2	27	12	20	46	1		-55			65		
4264	1969	2	27	15	20	67	1		-60			60		
4264	1969	2	28	12	100	67	8		-60			80		
4264	1969	3	1	12	0	0	9		-50			90		
4264	1969	3	1	15	100	26	9		-70			95		
4264	1969	3	3	12	40	26	8		-20			90		
4264	1969	3	3	15	40	26	8		-30			95		
4264	1969	3	4	12	20	93	4		-50			88		
4264	1969	3	4	15	20	93	4		-60			75		
4264	1969	3	5	12	90	46	8		-50			68		
4264	1969	3	5	15	90	46	6		-50			65		
4264	1969	3	6	12	110	46	8		0			65		
4264	1969	3	6	15	100	26	8		20			70		
4264	1969	3	7	12	0	0	6		30			82		
4264	1969	3	7	15	110	46	6		50			70		
4264	1969	3	8	12	170	26	8		20			72		
4264	1969	3	8	15	170	26	8		30			65		
4264	1969	3	10	12	0	0	4		10			80		
4264	1969	3	10	15	0	0	4		20			72		
4264	1969	3	11	12	0	0	0		0			70		
4264	1969	3	11	15	20	46	0		-10			74		
4264	1969	3	12	12	30	93	0		-30			90		
4264	1969	3	12	15	30	123	0		-40			73		
4264	1969	3	13	12	30	67	0		-50			65		
4264	1969	3	13	15	30	93	0		-50			70		
4264	1969	3	14	12	20	123	0		-70			65		
4264	1969	3	14	15	30	123	0		-80			65		
4264	1969	3	15	12	30	67	9		-100			85		
4264	1969	3	15	15	40	67	5		-100			75		
4264	1969	3	17	12	230	15	9		-10			100		
4264	1969	3	17	15	240	46	9		-20			100		
4264	1969	3	18	12	30	10	9		-20			100		
4264	1969	3	18	15	170	46	9		-10			95		
4264	1969	3	19	12	20	26	6		-30			100		
4264	1969	3	19	15	30	46	6		-40			96		
4264	1969	3	20	12	20	46	9		-50			100		
4264	1969	3	20	15	0	0	9		-30			100		
4264	1969	3	21	12	90	46	8		20			76		
4264	1969	3	21	15	90	26	8		20			88		
4264	1969	3	22	12	0	0	8		0			95		
4264	1969	3	22	15	0	0	8		0			90		
4264	1969	3	24	12	0	0	4		-20			85		
4264	1969	3	24	15	60	26	5		-30			78		
4264	1969	3	25	12	70	26	8		0			100		
4264	1969	3	25	15	0	0	8		0			100		
4264	1969	3	26	12	340	46	8		-10			100		
4264	1969	3	26	15	340	46	8		-10			95		
4264	1969	3	27	12	90	26	6		-40			60		
4264	1969	3	27	15	90	10	8		-50			55		
4264	1969	3	28	12	160	93	8		80			60		
4264	1969	3	28	15	160	67	8		60			65		
4264	1969	3	29	12	190	46	9		-2			100		
4264	1969	3	29	15	190	46	7		0			100		
4264	1969	3	31	12	170	93	9		20			92		
4264	1969	3	31	15	170	93	9		10			100		
4264	1969	4	1	12	350	10	6		-40			100		
4264	1969	4	2	12	360	26	6		-60			75		
4264	1969	4	2	15	360	46	8		-60			70		
4264	1969	4	5	12	170	46	8		-30			75		
4264	1969	4	5	15	170	67	8		-40			70		
4264	1969	4	8	12	360	93	6		-40			75		
4264	1969	4	8	15	360	67	8		-40			75		
4264	1969	4	9	12	0	0	4		20			75		
4264	1969	4	9	15	150	26	2		10			60		
4264	1969	4	10	12	80	46	0		80			60		
4264	1969	4	10	15	80	10	0		-60			54		
4264	1969	4	11	12	90	46	0		-60			60		
4264	1969	4	11	15	0	0	0		-50			60		
4264	1969	4	12	12	160	46	8		-60			60		
4264	1969	4	12	15	180	46	8		30			64		
4264	1969	4	14	12	350	10	9		-30			88		
4264	1969	4	14	15	350	10	8		-30			89		
4264	1969	4	15	12	100	46	8		-50			75		
4264	1969	4	15	15	100	26	0		-60			72		
4264	1969	4	16	12	10	46	9		-50			90		
4264	1969	4	16	15	0	0	9		-10			92		
4264	1969	4	17	12	20	46	8		-10			90		
4264	1969	4	17	15	20	46	8		-30			90		
4264	1969	4	18	12	60	10	0		-10			85		
4264	1969	4	18	15	0	0	0		-10			80		
4264	1969	4	19	12	0	0	8		-10			90		
4264	1969	4	19	15	0	0	8		-20			85		
4264	1969	4	21	12	50	46	6		-20			90		
4264	1969	4	21	15	50	46	5		-20			90		
4264	1969	4	22	12	10	26	3		10			85		
4264	1969	4	22	15	30	67	3		10			85		
4264	1969	4	23	12	50	26	8		0			93		
4264	1969	4	23	15	10	46	8		-10			95		
4264	1969	4	24	12	20	46	4		-10			85		
4264	1969	4	24	15	10	46	4		-20			86		
4264	1969	4	25	12	0	0	8		-10			85		
4264	1969	4	25	15	0	0	8		-20			85		
4264	1969	4	26	12	80	10	6		20			80		
4264	1969	4	26	15	0	0	6		30			76		
4264	1969	4	28	15	0	0	6		20			80		
4264	1969	4	29	12	170	67	3		40			60		
4264	1969	4	29	15	170	46	8		30			61		
4264	1969	4	30	12	130	10	8		10			95		
4264	1969	4	30	15	130	26	8		10			95		
4264	1969	5	1	12	300	10	9		0			95		
4264	1969	5	1	15	360	26	9		0			95		
4264	1969	5	3	15	0	0	4		20			95		
4264	1969	5	5	12	90	46	0		60			60		
4264	1969	5	5	15	0	0	0		50			58		
4264	1969	5	6	12	0	0	9		-10			92		
4264	1969	5	6	15	0	0	9		-10			90		
4264	1969	5	7	12	280	10	9		-10			92		
4264	1969	5	7	15	340	26	9		-20			90		
4264	1969	5	8	12	0	0	0		10			84		
4264	1969	5	8	15	260	26	0		0			80		
4264	1969	5	9	12	20	46	0		0			90		
4264	1969	5	9	15	20	46	0		0			82		
4264	1969	5	10	12	50	46	9		10			90		
4264	1969	5	10	15	350	46	8		0			80		
4264	1969	5	12	12	180	123	8		60			60		
4264	1969	5	12	15	190	93	8		50			60		
4264	1969	5	13	12	180	123	8		90			55		
4264	1969	5	13	15	190	154	8		80			60		
4264	1969	5	14	12	180	67	8		50			72		
4264	1969	5	14	15	220	46	8		40			80		
4264	1969	5	16	12	360	26	8		20			85		
4264	1969	5	16	15	360	46	8		10			82		
4264	1969	5	17	12	280	26	6		20			76		
4264	1969	5	19	12	20	67	6		-10			76		
4264	1969	5	19	15	360	46	4		-20			70		
4264	1969	5	20	12	60	26	0		-10			70		
4264	1969	5	21	12	200	67	8		30			62		
4264	1969	5	21	15	170	67	8		40			60		
4264	1969	5	22	12	350	67	9		-20			90		
4264	1969	5	22	15	350	46	8		-20			90		
4264	1969	5	23	12	120	46	8		-20			85		
4264	1969	5	23	15	250	46	1		-30			80		
4264	1969	5	24	12	80	26	8		-10			65		
4264	1969	5	24	15	80	10	8		-10			60		
4264	1969	5	27	12	170	10	4		100			56		
4264	1969	5	27	15	0	0	2		80			62		
4264	1969	5	28	12	240	10	3		70			66		
4264	1969	5	28	15	260	46	5		50			74		
4264	1969	5	29	12	260	46	4		40			75		
4264	1969	5	29	15	230	67	6		40			76		
4264	1969	5	30	12	270	10	9		0			90		
4264	1969	5	30	15	270	10	9		0			90		
4264	1969	5	31	12	280	10	9		0			90		
4264	1969	5	31	15	280	26	0		20			90		
4264	1969	6	2	12	270	10	0		40					
4264	1969	6	2	15	270	26	0		50					
4264	1969	6	3	12	0	0	6		20					
4264	1969	6	3	15	360	10	6		30					
4264	1969	6	4	12	270	10	8		30					
4264	1969	6	4	15	80	10	8		30					
4264	1969	6	5	12	280	26	9		40					
4264	1969	6	6	12	20	46	9		20					
4264	1969	6	6	15	20	26	7		0					
4264	1969	6	7	12	10	26	8		10					
4264	1969	6	7	15	10	26	5		10					
4264	1969	6	9	12	190	26	3		90					
4264	1969	6	9	15	280	26	7		100					
4264	1969	6	10	12	260	10	6		90					
4264	1969	6	10	15	210	10	7		80					
4264	1969	6	11	12	0	0	0		60					
4264	1969	6	11	15	270	10	2		70					
4264	1969	6	12	12	260	10	8		40					
4264	1969	6	12	15	260	26	8		30					
4264	1969	6	13	12	70	10	6		20					
4264	1969	6	13	15	360	10	1		20					
4264	1969	6	14	12	250	26	7		20					
4264	1969	6	14	15	260	26	8		10					
4264	1969	6	16	12	260	10	8		50					
4264	1969	6	16	15	250	10	8		30					
4264	1969	6	17	12	350	10	1		20					
4264	1969	6	17	15	280	10	1		20					
4264	1969	6	18	12	0	0	2		20					
4264	1969	6	18	15	350	10	1		30					
4264	1969	6	19	12	100	10	1		70					
4264	1969	6	19	15	260	26	7		80					
4264	1969	6	20	12	270	10	8		70					
4264	1969	6	20	15	270	10	7		50					
4264	1969	6	21	12	180	67	8		100					
4264	1969	6	21	15	180	67	8		80					
4264	1969	6	23	12	210	10	7		80					
4264	1969	6	23	15	210	26	4		50					
4264	1969	6	25	12	360	10	8		70					
4264	1969	6	25	15	330	10	7		60					
4264	1969	6	26	12	0	0	8		60					
4264	1969	6	26	15	0	0	4		70					
4264	1969	6	27	12	70	10	8		70					
4264	1969	6	27	15	0	0	8		50					
4264	1969	6	28	12	0	0	9		50					
4264	1969	6	28	15	0	0	8		30					
4264	1969	6	30	12	0	0	5		50					
4264	1969	6	30	15	0	0	3		60					
4264	1969	7	1	12	360	67	9		50					
4264	1969	7	1	15	350	26	9		10					
4264	1969	7	2	12	360	10	4		0					
4264	1969	7	2	15	350	10	6		20					
4264	1969	7	3	12	310	10	9		10					
4264	1969	7	3	15	320	10	4		20					
4264	1969	7	4	12	220	26	8		70					
4264	1969	7	4	15	220	26	8		80					
4264	1969	7	5	12	220	10	2		80					
4264	1969	7	5	15	270	10	8		90					
4264	1969	7	7	12	0	0	4		110					
4264	1969	7	7	15	0	0	8		90					
4264	1969	7	8	12	0	0	3		60					
4264	1969	7	8	15	0	0	3		60					
4264	1969	7	9	12	220	10	1		80					
4264	1969	7	9	15	260	10	2		50					
4264	1969	7	10	12	0	0	1		60					
4264	1969	7	10	15	290	10	2		30					
4264	1969	7	11	12	40	10	9		20					
4264	1969	7	11	15	280	10	8		40					
4264	1969	7	12	12	360	26	9		60					
4264	1969	7	12	15	360	26	3		30					
4264	1969	7	14	12	330	10	9		30					
4264	1969	7	14	15	0	0	8		20					
4264	1969	7	15	12	290	10	2		40					
4264	1969	7	15	15	290	10	7		30					
4264	1969	7	16	12	230	10	7		50					
4264	1969	7	16	15	230	10	8		70					
4264	1969	7	17	12	0	0	6		70					
4264	1969	7	17	15	280	10	3		90					
4264	1969	7	18	12	0	0	2		100					
4264	1969	7	18	15	260	10	3		60					
4264	1969	7	19	12	0	0	4		80					
4264	1969	7	19	15	320	10	3		70					
4264	1969	7	21	12	360	26	9		70					
4264	1969	7	21	15	360	46	4		30					
4264	1969	7	22	12	0	0	7		20					
4264	1969	7	22	15	290	10	2		60					
4264	1969	7	23	12	360	67	8		70					
4264	1969	7	23	15	360	67	8		20					
4264	1969	7	24	12	0	0	8		20					
4264	1969	7	24	15	280	10	3		40					
4264	1969	7	25	12	0	0	9		40					
4264	1969	7	25	15	0	0	3		30					
4264	1969	7	26	12	0	0	9		50					
4264	1969	7	26	15	0	0	1		40					
4264	1969	7	28	12	0	0	9		60					
4264	1969	7	28	15	0	0	3		30					
4264	1969	7	29	12	350	10	4		50					
4264	1969	7	29	15	350	46	6		20					
4264	1969	7	30	12	0	0	9		30					
4264	1969	7	30	15	290	10	3		10					
4264	1969	7	31	12	290	10	4		20					
4264	1969	7	31	15	0	0	5		40					
4264	1969	8	1	12	0	0	9		40					
4264	1969	8	1	15	320	10	2		30					
4264	1969	8	2	12	0	0	9		-10					
4264	1969	8	2	15	0	0	8		0					
4264	1969	8	4	12	0	0	9		0					
4264	1969	8	4	15	280	10	1		40					
4264	1969	8	5	12	0	0	9		60					
4264	1969	8	5	15	0	0	3		40					
4264	1969	8	6	12	0	0	9		50					
4264	1969	8	6	15	290	10	2		30					
4264	1969	8	7	12	290	10	7		40					
4264	1969	8	7	15	280	10	4		30					
4264	1969	8	8	12	0	0	7		50					
4264	1969	8	8	15	0	0	4		30					
4264	1969	8	9	12	0	0	9		50					
4264	1969	8	9	15	0	0	2		30					
4264	1969	8	11	12	0	0	0		50					
4264	1969	8	11	15	300	10	1		50					
4264	1969	8	12	12	0	0	9		40					
4264	1969	8	12	15	0	0	3		40					
4264	1969	8	13	12	0	0	8		50					
4264	1969	8	13	15	330	10	3		50					
4264	1969	8	14	12	0	0	9		50					
4264	1969	8	14	15	320	10	6		40					
4264	1969	8	15	12	0	0	8		50					
4264	1969	8	15	15	0	0	6		60					
4264	1969	8	16	12	0	0	1		80					
4264	1969	8	16	15	0	0	1		80					
4264	1969	8	18	12	0	0	3		70					
4264	1969	8	18	15	0	0	4		70					
4264	1969	8	19	12	340	10	8		160					
4264	1969	8	19	15	0	0	8		110					
4264	1969	8	20	12	0	0	8		90					
4264	1969	8	20	15	0	0	8		90					
4264	1969	8	21	12	180	26	8		180					
4264	1969	8	21	15	0	0	9		170					
4264	1969	8	22	12	220	26	8		140					
4264	1969	8	22	15	0	0	8		120					
4264	1969	8	23	12	180	10	8		90					
4264	1969	8	23	15	250	10	8		80					
4264	1969	8	25	12	220	10	8		80					
4264	1969	8	25	15	220	46	9		70					
4264	1969	8	26	12	0	0	8		60					
4264	1969	8	26	15	260	10	7		50					
4264	1969	8	27	12	0	0	8		70					
4264	1969	8	27	15	0	0	8		50					
4264	1969	8	28	12	0	0	9		20					
4264	1969	8	28	15	280	10	6		10					
4264	1969	8	29	12	350	10	8		10					
4264	1969	8	29	15	360	10	7		30					
4264	1969	8	30	12	0	0	9		60					
4264	1969	8	30	15	0	0	6		60					
4264	1969	9	1	12	220	10	8		70			54		
4264	1969	9	1	15	240	10	8		80			54		
4264	1969	9	2	12	180	46	8		100			54		
4264	1969	9	2	15	200	67	8		90			54		
4264	1969	9	3	12	210	26	8		100			54		
4264	1969	9	3	15	220	26	8		100			54		
4264	1969	9	4	12	250	10	9		50			55		
4264	1969	9	4	15	250	26	8		10			55		
4264	1969	9	5	12	90	46	6		30			55		
4264	1969	9	5	15	280	46	4		40			50		
4264	1969	9	6	12	200	26	6		30			55		
4264	1969	9	6	15	270	46	9		30			52		
4264	1969	9	8	12	20	93	3		20			54		
4264	1969	9	8	15	10	154	8		20			55		
4264	1969	9	9	12	20	46	0		30			55		
4264	1969	9	9	15	20	67	0		20			55		
4264	1969	9	10	12	0	0	9		0			55		
4264	1969	9	10	15	10	10	8		-10			55		
4264	1969	9	11	12	180	226	8		60			50		
4264	1969	9	11	15	190	190	8		70			52		
4264	1969	9	12	12	330	46	9		20			55		
4264	1969	9	12	15	130	46	9		20			53		
4264	1969	9	13	12	170	67	6		60			52		
4264	1969	9	15	12	0	0	9		0			54		
4264	1969	9	15	15	10	10	9		10			55		
4264	1969	9	16	12	170	26	8		20			52		
4264	1969	9	16	15	220	26	7		20			55		
4264	1969	9	17	12	130	26	8		0			55		
4264	1969	9	17	15	170	67	8		20			53		
4264	1969	9	18	12	0	0	9		0			55		
4264	1969	9	18	15	10	46	4		0			55		
4264	1969	9	19	12	360	67	6		10			53		
4264	1969	9	19	15	360	67	6		0			55		
4264	1969	9	20	12	20	26	4		0			53		
4264	1969	9	20	15	360	26	2		0			52		
4264	1969	9	22	12	0	0	9		0			55		
4264	1969	9	23	12	90	46	6		0			53		
4264	1969	9	23	15	10	46	7		-20			52		
4264	1969	9	24	12	90	46	3		0			55		
4264	1969	9	24	15	90	26	1		-10			53		
4264	1969	9	25	12	20	67	1		0			55		
4264	1969	9	25	15	10	46	0		0			55		
4264	1969	9	26	12	20	26	0		0			54		
4264	1969	9	26	15	10	46	0		-10			74		
4264	1969	9	27	12	10	26	0		0			80		
4264	1969	9	27	15	360	46	0		0			85		
4264	1969	9	29	12	170	26	8		0			95		
4264	1969	9	29	15	220	26	6		-10			95		
4264	1969	9	30	12	160	10	8		20			97		
4264	1969	9	30	15	0	0	8		20			96		
4264	1969	10	1	12	360	26	9		20			98		
4264	1969	10	1	15	0	0	8		10			98		
4264	1969	10	2	12	0	0	9		0			99		
4264	1969	10	2	15	0	0	8		0			98		
4264	1969	10	3	12	0	0	9		0			100		
4264	1969	10	3	15	0	0	6		-10			100		
4264	1969	10	4	12	0	0	9		-10			100		
4264	1969	10	4	15	0	0	9		-20			100		
4264	1969	10	6	12	0	0	1		-20			100		
4264	1969	10	6	15	10	46	1		-30			100		
4264	1969	10	7	12	80	46	1		-30			100		
4264	1969	10	7	15	360	67	1		-30			100		
4264	1969	10	8	12	90	26	8		-10			100		
4264	1969	10	8	15	170	46	8		30			100		
4264	1969	10	9	12	240	26	8		20			100		
4264	1969	10	9	15	0	0	8		20			100		
4264	1969	10	10	12	170	123	9		40			100		
4264	1969	10	10	15	190	154	9		30			56		
4264	1969	10	11	12	20	67	2		0			53		
4264	1969	10	11	15	20	46	1		0			53		
4264	1969	10	13	12	0	0	4		0			53		
4264	1969	10	13	15	0	0	8		-20			53		
4264	1969	10	14	12	0	0	5		0			55		
4264	1969	10	14	15	0	0	3		-20			53		
4264	1969	10	15	12	90	26	7		0			73		
4264	1969	10	15	15	0	0	7		-20			70		
4264	1969	10	16	12	0	0	6		0			70		
4264	1969	10	16	15	0	0	6		-10			68		
4264	1969	10	17	12	0	0	8		0			70		
4264	1969	10	17	15	300	26	7		-10			70		
4264	1969	10	18	12	90	46	3		-10			70		
4264	1969	10	18	15	90	46	3		-20			70		
4264	1969	10	20	12	100	46	8		40			74		
4264	1969	10	21	12	170	26	6		20			73		
4264	1969	10	21	15	0	0	6		20			71		
4264	1969	10	22	12	0	0	9		30			78		
4264	1969	10	22	15	0	0	9		-10			82		
4264	1969	10	23	12	0	0	4		40			95		
4264	1969	10	23	15	0	0	2		40			97		
4264	1969	10	24	12	60	26	7		-30			98		
4264	1969	10	24	15	360	46	7		-40			98		
4264	1969	10	25	12	0	0	8		-10			98		
4264	1969	10	25	14	0	0	6		-30			98		
4264	1969	10	27	12	10	26	1		-10			98		
4264	1969	10	27	15	0	0	2		-20			98		
4264	1969	10	28	12	180	93	8		0			97		
4264	1969	10	28	15	180	123	8		-10			98		
4264	1969	10	29	12	180	93	8		0			98		
4264	1969	10	29	15	180	67	9		-10			100		
4264	1969	10	30	12	180	26	6		-10			98		
4264	1969	10	30	15	180	26	8		-30			98		
4264	1969	10	31	12	0	0	3		-30			100		
4264	1969	10	31	15	90	26	2		-55			100		
4264	1969	11	1	12	0	0	0		-20					
4264	1969	11	1	15	20	26	0		-30					
4264	1969	11	3	12	90	46	4		-60					
4264	1969	11	3	15	90	46	6		-60					
4264	1969	11	4	12	240	46	9		0					
4264	1969	11	4	15	0	0	9		0					
4264	1969	11	5	12	170	46	8		20					
4264	1969	11	5	15	170	67	8		30					
4264	1969	11	6	12	240	46	8		0					
4264	1969	11	6	15	240	46	8		0					
4264	1969	11	7	12	80	46	6		-30					
4264	1969	11	7	15	80	46	6		-50					
4264	1969	11	8	12	360	154	5		-30					
4264	1969	11	8	15	360	190	6		-50					
4264	1969	11	10	12	90	46	0		-80					
4264	1969	11	10	15	90	26	0		-70					
4264	1969	11	11	12	130	26	6		-50					
4264	1969	11	11	15	180	26	6		-50					
4264	1969	11	12	12	0	0	0		-60					
4264	1969	11	12	15	0	0	0		-40					
4264	1969	11	13	12	90	26	0		-30					
4264	1969	11	13	15	0	0	0		-40					
4264	1969	11	14	12	10	26	9		-30					
4264	1969	11	14	15	0	0	0		-40					
4264	1969	11	15	12	0	0	9		-30					
4264	1969	11	15	15	0	0	6		-50					
4264	1969	11	17	12	220	46	8		-20					
4264	1969	11	17	15	210	46	9		-40					
4264	1969	11	18	12	10	46	7		-30					
4264	1969	11	18	15	360	67	7		-40					
4264	1969	11	19	12	360	26	7		-10					
4264	1969	11	19	15	360	67	6		-40					
4264	1969	11	20	12	0	0	8		-30					
4264	1969	11	20	15	100	26	8		-40					
4264	1969	11	21	12	210	46	6		30					
4264	1969	11	21	15	210	67	6		30					
4264	1969	11	22	12	190	67	3		60					
4264	1969	11	22	15	170	93	3		50					
4264	1969	11	24	12	0	0	9		0					
4264	1969	11	24	15	0	0	9		20					
4264	1969	11	25	12	90	26	8		0					
4264	1969	11	25	15	110	26	9		-20					
4264	1969	11	26	12	120	46	8		0					
4264	1969	11	27	12	170	46	8		20					
4264	1969	11	27	15	170	26	8		0					
4264	1969	11	28	12	180	93	9		20					
4264	1969	11	29	12	210	67	8		0					
4264	1969	11	29	15	0	0	8		-20					
4264	1969	12	1	12	110	46	9		-10					
4264	1969	12	1	15	170	93	8		-20					
4264	1969	12	2	15	0	0	8		0					
4264	1969	12	3	12	140	10	6		-10					
4264	1969	12	4	12	200	123	8		30					
4264	1969	12	4	15	190	93	6		30					
4264	1969	12	5	12	170	93	8		50					
4264	1969	12	5	15	170	93	8		70					
4264	1969	12	6	15	360	46	8		0					
4264	1969	12	8	15	10	123	8		-80					
4264	1969	12	9	12	60	46	8		-80					
4264	1969	12	9	15	60	46	6		-110					
4264	1969	12	10	12	90	46	8		-60					
4264	1969	12	10	15	150	46	8		-60					
4264	1969	12	11	12	360	67	9		-10					
4264	1969	12	11	15	360	46	8		-40					
4264	1969	12	12	12	90	46	0		-100					
4264	1969	12	12	15	90	26	0		-100					
4264	1969	12	13	12	90	46	4		-80					
4264	1969	12	13	15	70	26	6		-90					
4264	1969	12	15	12	100	26	9		-60					
4264	1969	12	15	15	0	0	9		-80					
4264	1969	12	20	12	90	46	2		-80					
4264	1969	12	20	15	90	26	0		-110					
4264	1969	12	22	12	150	26	8		-60					
4264	1969	12	22	15	150	10	8		-70					
4264	1969	12	23	12	80	10	2		-80					
4264	1969	12	23	15	0	0	5		-100					
4264	1969	12	27	12	90	46	6		-110					
4264	1969	12	27	15	90	26	9		-100					
4264	1969	12	29	12	0	0	8		-30					
4264	1969	12	29	15	170	67	9		-40					
4264	1969	12	30	12	170	154	8		50					
4264	1969	12	30	15	160	190	8		50					
