stat_no	year	month	day	hour	dd	ff	n	pppp	ttt	txtxtx	tntntn	rh	rrr6	sss
4274	1964	4	8	15	90	10	4		-40			60		
4274	1964	4	9	12	360	46	2		-40			92		
4274	1964	4	9	15	30	67	1		-52			84		
4274	1964	4	10	12	140	10	3		-54			75		
4274	1964	4	10	15	140	46	6		-21			57		
4274	1964	4	11	12	30	26	8		20			66		
4274	1964	4	11	15	30	26	6		55			66		
4274	1964	4	12	12	10	190	8		-81			95		
4274	1964	4	12	15	10	190	2		-80			90		
4274	1964	4	13	12	140	26	8		-49			58		
4274	1964	4	13	15	20	98	7		-31			68		
4274	1964	4	14	12	20	309	1		-92			55		
4274	1964	4	14	15	20	226	2		-80			51		
4274	1964	4	15	12	140	10	8		-50			74		
4274	1964	4	15	15	220	67	8		-42			80		
4274	1964	4	16	12	140	67	8		-15			95		
4274	1964	4	16	15	140	67	8		-8			97		
4274	1964	4	17	12	140	98	8		-10			97		
4274	1964	4	17	15	220	26	8		-8			97		
4274	1964	4	18	12	90	10	1		-44			97		
4274	1964	4	18	15	90	10	1		-24			97		
4274	1964	4	19	12	200	98	8		30			92		
4274	1964	4	19	15	200	98	8		21			95		
4274	1964	4	20	12	140	67	8		48			60		
4274	1964	4	20	15	220	67	8		50			62		
4274	1964	4	21	12	0	0	1		26			74		
4274	1964	4	21	15	0	0	3		42			72		
4274	1964	4	22	12	0	0	3		20			76		
4274	1964	4	22	15	0	0	3		32			66		
4274	1964	4	23	12	0	0	3		4			83		
4274	1964	4	23	15	40	10	1		62			59		
4274	1964	4	24	12	0	0	0		35			53		
4274	1964	4	24	15	270	10	1		40			52		
4274	1964	4	25	12	0	0	9		-30			96		
4274	1964	4	25	15	0	0	9		-25			93		
4274	1964	4	26	12	20	10	8		-26			96		
4274	1964	4	26	15	20	10	8		-26			96		
4274	1964	4	27	12	20	10	8		-8			75		
4274	1964	4	27	15	20	10	7		6			65		
4274	1964	4	28	12	0	0	0		12			75		
4274	1964	4	28	15	0	0	2		16			80		
4274	1964	4	29	12	140	46	8		-2			95		
4274	1964	4	29	15	220	10	6		6			92		
4274	1964	4	30	12	0	0	0		32			50		
4274	1964	4	30	15	0	0	0		40			60		
4274	1964	5	1	12	140	26	8		-10			90		
4274	1964	5	1	15	220	10	3		16			76		
4274	1964	5	2	12	220	10	3		-25			64		
4274	1964	5	2	15	360	10	8		16			76		
4274	1964	5	3	12	220	26	8		-10			90		
4274	1964	5	3	15	220	10	3		-10			90		
4274	1964	5	4	12	260	26	6		5			66		
4274	1964	5	4	15	360	26	6		28			54		
4274	1964	5	5	12	0	0	3		10			43		
4274	1964	5	5	15	360	26	1		40			45		
4274	1964	5	6	12	200	67	8		-11			82		
4274	1964	5	6	15	200	67	4		-4			78		
4274	1964	5	7	12	360	98	8		32			72		
4274	1964	5	7	15	360	98	7		50			54		
4274	1964	5	8	12	360	10	0		38			48		
4274	1964	5	8	15	360	10	0		46			56		
4274	1964	5	9	12	360	26	0		25			69		
4274	1964	5	9	15	360	26	0		36			64		
4274	1964	5	10	12	360	26	1		18			62		
4274	1964	5	10	15	360	10	1		42			50		
4274	1964	5	11	12	360	26	1		15			80		
4274	1964	5	11	15	320	10	1		36			70		
4274	1964	5	12	12	320	10	1		28			71		
4274	1964	5	12	15	360	10	2		52			60		
4274	1964	5	13	12	0	0	9		18			95		
4274	1964	5	13	15	320	10	7		26			87		
4274	1964	5	14	12	220	46	8		12			94		
4274	1964	5	14	15	220	67	8		30			93		
4274	1964	5	14	18	220	46	8		32			92		
4274	1964	5	15	12	200	98	8		12			90		
4274	1964	5	15	15	200	123	8		18			90		
4274	1964	5	16	12	360	98	7		16			80		
4274	1964	5	16	15	360	123	6		32			75		
4274	1964	5	19	12	360	46	8		4			94		
4274	1964	5	19	15	360	46	8		25			82		
4274	1964	5	20	12	320	10	8		4			90		
4274	1964	5	20	15	320	26	8		5			90		
4274	1964	5	21	12	220	67	8		5			92		
4274	1964	5	21	15	220	67	8		8			87		
4274	1964	5	22	12	140	46	7		98			39		
4274	1964	5	22	15	360	98	8		70			53		
4274	1964	5	23	12	360	98	8		8			93		
4274	1964	5	23	15	320	46	8		16			80		
4274	1964	5	25	12	360	46	7		58			70		
4274	1964	5	25	15	360	46	8		78			57		
4274	1964	5	26	12	0	0	6		80			65		
4274	1964	5	26	15	0	0	6		100			56		
4274	1964	5	27	12	0	0	8		38			80		
4274	1964	5	27	15	0	0	8		46			50		
4274	1964	5	28	12	220	98	8		76			77		
4274	1964	5	28	15	220	123	8		70			71		
4274	1964	5	29	12	220	26	8		55			78		
4274	1964	5	29	15	220	46	8		51			73		
4274	1964	5	30	12	140	190	8		110			40		
4274	1964	5	30	15	140	123	8		105			47		
4274	1964	6	1	12	220	26	8		20			94		
4274	1964	6	1	15	220	26	8		25			95		
4274	1964	6	2	12	40	10	8		58			91		
4274	1964	6	2	15	40	10	8		68			89		
4274	1964	6	3	12	0	0	8		62			94		
4274	1964	6	3	15	0	0	8		54			92		
4274	1964	6	4	12	0	0	3		72			81		
4274	1964	6	4	15	320	10	6		52			80		
4274	1964	6	5	12	0	0	8		38			94		
4274	1964	6	6	15	220	10	9		25			91		
4274	1964	6	8	12	320	10	8		12			90		
4274	1964	6	9	12	320	10	8		38			84		
4274	1964	6	9	15	320	10	1		49			78		
4274	1964	6	10	12	320	10	7		19			86		
4274	1964	6	10	15	320	10	4		30			82		
4274	1964	6	11	12	220	123	8		37			74		
4274	1964	6	11	15	220	190	8		42			65		
4274	1964	6	12	12	220	10	8		20			93		
4274	1964	6	12	15	220	26	8		26			91		
4274	1964	6	13	12	340	46	2		47			67		
4274	1964	6	13	15	340	123	2		55			60		
4274	1964	6	15	12	0	0	7		42			85		
4274	1964	6	15	15	0	0	7		44			82		
4274	1964	6	16	12	0	0	7		48			87		
4274	1964	6	16	15	320	10	2		56			85		
4274	1964	6	17	12	220	26	8		81			53		
4274	1964	6	17	15	220	26	8		62			66		
4274	1964	6	18	12	0	0	8		105			84		
4274	1964	6	18	15	140	10	8		115			84		
4274	1964	6	19	12	220	46	8		50			88		
4274	1964	6	19	15	220	98	8		45			85		
4274	1964	6	20	12	360	154	4		36			60		
4274	1964	6	20	15	360	123	2		43			51		
4274	1964	6	22	12	320	26	4		69			49		
4274	1964	6	22	15	320	46	5		62			67		
4274	1964	6	23	12	320	10	7		23			89		
4274	1964	6	23	15	320	10	2		34			74		
4274	1964	6	24	12	360	98	8		46			58		
4274	1964	6	24	15	360	154	2		58			53		
4274	1964	6	25	12	360	67	6		33			85		
4274	1964	6	25	15	360	190	3		44			67		
4274	1964	6	26	12	360	123	2		45			67		
4274	1964	6	26	15	360	123	2		52			60		
4274	1964	6	27	12	360	26	1		55			50		
4274	1964	6	29	12	0	0	8		66			89		
4274	1964	6	29	15	320	10	8		60			91		
4274	1964	6	30	12	320	10	8		24			93		
4274	1964	7	1	12	320	10	8		36			83		
4274	1964	7	1	15	320	10	2		35			85		
4274	1964	7	7	15	320	10	0		52			87		
4274	1964	7	8	12	0	0	6		54			89		
4274	1964	7	8	15	0	0	3		63			88		
4274	1964	7	9	12	360	10	8		62			86		
4274	1964	7	9	15	320	10	7		62			85		
4274	1964	7	10	12	360	10	8		50			89		
4274	1964	7	11	12	360	10	4		80			66		
4274	1964	7	11	15	40	10	6		112			50		
4274	1964	7	13	12	320	10	3		40			90		
4274	1964	7	17	12	220	98	8		65			93		
4274	1964	7	18	12	360	46	2		78			78		
4274	1964	7	20	12	360	46	1		74			60		
4274	1964	7	20	15	360	46	2		81			55		
4274	1964	7	21	12	320	10	6		50			78		
4274	1964	7	21	15	320	10	7		46			85		
4274	1964	7	22	12	360	98	6		50			76		
4274	1964	7	22	15	360	154	4		50			70		
4274	1964	7	23	12	360	67	4		68			63		
4274	1964	7	27	12	0	0	9		60			92		
4274	1964	7	27	15	0	0	6		76			86		
4274	1964	7	28	12	320	10	6		75			86		
4274	1964	7	28	15	320	10	7		86			79		
4274	1964	7	29	15	360	154	6		62			60		
4274	1964	7	30	12	0	0	1		80			69		
4274	1964	8	1	12	320	10	8		70			93		
4274	1964	8	1	15	140	46	8		84			84		
4274	1964	8	3	12	320	10	0		88			68		
4274	1964	8	3	15	320	10	0		78			75		
4274	1964	8	22	12	320	10	1		82			78		
4274	1964	8	22	15	320	10	1		76			80		
4274	1964	8	24	12	0	0	8		61			93		
4274	1964	8	24	15	0	0	9		62			94		
4274	1964	8	25	12	360	10	3		65			84		
4274	1964	8	25	15	360	10	2		90			67		
4274	1964	8	29	12	0	0	7		104			61		
4274	1964	8	29	15	0	0	8		80			66		
4274	1964	8	31	12	320	10	7		60			93		
4274	1964	8	31	15	320	10	6		68			93		
4274	1964	9	1	12	220	10	3		75			85		
4274	1964	9	1	15	220	10	3		70			84		
4274	1964	9	2	12	220	10	8		60			93		
4274	1964	9	2	15	220	10	2		93			78		
4274	1964	9	3	12	0	0	6		98			66		
4274	1964	9	3	15	0	0	6		92			73		
4274	1964	9	4	12	0	0	6		83			70		
4274	1964	9	5	12	40	10	6		91			70		
4274	1964	9	5	15	320	10	7		86			74		
4274	1964	9	7	12	320	10	0		58			59		
4274	1964	9	7	15	320	10	0		75			54		
4274	1964	9	8	12	360	10	8		8			94		
4274	1964	9	8	15	320	10	8		19			90		
4274	1964	9	9	12	320	10	3		16			87		
4274	1964	9	9	15	320	10	1		65			65		
4274	1964	9	10	12	320	10	1		50			70		
4274	1964	9	10	15	320	10	2		63			62		
4274	1964	9	11	12	220	67	2		52			73		
4274	1964	9	11	15	220	46	6		62			79		
4274	1964	9	12	12	220	123	8		65			84		
4274	1964	9	12	15	220	123	8		56			91		
4274	1964	9	14	12	320	10	8		50			76		
4274	1964	9	14	15	220	67	8		57			80		
4274	1964	9	15	12	0	0	1		50			73		
4274	1964	9	15	15	320	10	2		50			74		
4274	1964	9	16	12	140	67	6		50			70		
4274	1964	9	16	15	140	67	4		55			75		
4274	1964	9	17	12	140	123	7		86			39		
4274	1964	9	17	15	140	46	8		66			70		
4274	1964	9	18	12	320	10	7		60			72		
4274	1964	9	18	15	320	10	8		65			70		
4274	1964	9	19	12	320	10	3		48			68		
4274	1964	9	19	15	0	0	7		59			62		
4274	1964	9	21	12	0	0	1		79			58		
4274	1964	9	21	15	140	46	1		106			34		
4274	1964	9	22	12	220	67	8		32			92		
4274	1964	9	22	15	220	67	6		36			82		
4274	1964	9	23	12	220	46	8		26			88		
4274	1964	9	23	15	320	10	2		40			78		
4274	1964	9	24	12	220	46	4		32			63		
4274	1964	9	24	15	220	67	8		46			60		
4274	1964	9	25	12	220	226	8		46			89		
4274	1964	9	25	15	220	226	8		46			90		
4274	1964	9	26	12	220	46	6		40			93		
4274	1964	9	26	15	220	10	7		52			93		
4274	1964	9	28	12	200	98	8		26			74		
4274	1964	9	28	15	220	98	8		34			73		
4274	1964	9	29	12	220	226	7		35			89		
4274	1964	9	29	15	220	226	8		41			84		
4274	1964	9	30	12	360	46	6		34			71		
4274	1964	10	1	12	360	46	1		0			55		
4274	1964	10	1	15	360	10	1		24			43		
4274	1964	10	2	12	360	154	3		5			42		
4274	1964	10	2	15	360	190	3		21			39		
4274	1964	10	3	12	360	46	1		22			60		
4274	1964	10	3	15	0	0	1		40			50		
4274	1964	10	5	12	220	98	8		32			93		
4274	1964	10	5	15	220	98	8		32			94		
4274	1964	10	6	12	360	46	6		12			86		
4274	1964	10	6	15	360	98	1		50			68		
4274	1964	10	7	12	360	98	1		21			70		
4274	1964	10	7	15	360	67	4		29			64		
4274	1964	10	8	12	360	123	2		4			82		
4274	1964	10	8	15	360	226	1		20			70		
4274	1964	10	9	12	360	98	1		6			45		
4274	1964	10	9	15	360	123	1		18			46		
4274	1964	10	10	12	360	10	1		-20			48		
4274	1964	10	10	15	220	10	1		-10			49		
4274	1964	10	12	12	140	123	8		32			69		
4274	1964	10	12	15	140	309	8		6			45		
4274	1964	10	14	12	360	10	3		-8			84		
4274	1964	10	14	15	360	10	1		-2			61		
4274	1964	10	15	12	320	10	1		-8			60		
4274	1964	10	15	15	320	10	1		-5			58		
4274	1964	10	16	12	360	10	7		-30			68		
4274	1964	10	16	15	360	10	6		2			56		
4274	1964	10	17	12	360	10	6		59			50		
4274	1964	10	17	15	360	10	6		56			61		
4274	1964	10	19	12	0	0	5		4			86		
4274	1964	10	19	15	0	0	8		16			80		
4274	1964	10	20	12	220	98	8		48			95		
4274	1964	10	20	15	220	190	8		40			96		
4274	1964	10	21	12	360	67	8		18			93		
4274	1964	10	21	15	360	67	4		35			73		
4274	1964	10	22	12	140	10	8		3			70		
4274	1964	10	22	15	140	98	8		8			71		
4274	1964	10	23	12	220	67	7		26			94		
4274	1964	10	23	15	320	98	7		35			80		
4274	1964	10	24	12	0	0	8		-5			91		
4274	1964	10	26	12	0	0	7		52			86		
4274	1964	10	26	15	0	0	6		63			84		
4274	1964	10	27	12	0	0	8		20			93		
4274	1964	10	27	15	0	0	8		25			95		
4274	1964	10	28	12	360	10	8		0			94		
4274	1964	10	28	15	0	0	8		0			95		
4274	1964	10	29	12	360	10	1		-18			72		
4274	1964	10	29	15	0	0	2		-16			70		
4274	1964	10	30	12	220	10	5		16			95		
4274	1964	10	30	15	0	0	7		10			95		
4274	1964	10	31	12	140	98	8		10			88		
4274	1964	10	31	15	140	123	8		2			93		
4274	1964	11	2	12	220	10	8		20			93		
4274	1964	11	2	15	140	10	8		26			94		
4274	1964	11	3	12	140	10	6		59			84		
4274	1964	11	3	15	0	0	4		68			86		
4274	1964	11	4	12	0	0	6		42			74		
4274	1964	11	4	15	0	0	6		42			76		
4274	1964	11	5	12	360	10	7		23			76		
4274	1964	11	5	15	360	10	7		48			63		
4274	1964	11	6	12	0	0	8		39			80		
4274	1964	11	6	15	0	0	8		65			76		
4274	1964	11	7	12	220	98	8		30			93		
4274	1964	11	7	15	220	98	8		21			94		
4274	1964	11	9	12	360	10	7		-4			80		
4274	1964	11	9	15	360	10	5		4			76		
4274	1964	11	10	12	360	10	8		25			68		
4274	1964	11	10	15	0	0	8		29			74		
4274	1964	11	11	12	0	0	7		32			78		
4274	1964	11	11	15	220	67	7		28			85		
4274	1964	11	12	12	0	0	8		11			94		
4274	1964	11	12	15	220	10	8		11			94		
4274	1964	11	13	12	0	0	8		-10			95		
4274	1964	11	13	15	0	0	8		-7			95		
4274	1964	11	14	12	360	10	1		-27			68		
4274	1964	11	14	15	360	10	1		-12			68		
4274	1964	11	18	12	0	0	1		-56			63		
4274	1964	11	18	15	0	0	1		-32			54		
4274	1964	11	19	12	220	10	2		-55			50		
4274	1964	11	19	15	220	10	2		-40			42		
4274	1964	11	20	12	360	10	1		-68			72		
4274	1964	11	20	15	360	10	1		-41			58		
4274	1964	11	21	12	140	123	8		-25			60		
4274	1964	11	21	15	140	190	8		-20			89		
4274	1964	11	23	12	360	10	8		-11			74		
4274	1964	11	23	15	360	10	8		-2			74		
4274	1964	11	24	12	360	67	6		-36			75		
4274	1964	11	24	15	360	10	1		-56			76		
4274	1964	11	25	12	140	67	6		-60			58		
4274	1964	11	25	15	140	67	8		-54			55		
4274	1964	11	26	12	360	10	3		-76			62		
4274	1964	11	26	15	360	10	3		-75			54		
4274	1964	11	27	12	220	98	8		-5			87		
4274	1964	11	27	15	220	98	8		-6			87		
4274	1964	11	28	12	220	190	8		15			96		
4274	1964	11	28	15	220	190	8		17			96		
4274	1964	11	30	12	220	67	8		-22			94		
4274	1964	11	30	15	220	67	8		-14			95		
4274	1964	12	1	12	360	10	2		-38			91		
4274	1964	12	1	15	360	10	7		-46			91		
4274	1964	12	2	12	140	46	8		12			60		
4274	1964	12	2	15	140	67	8		27			81		
4274	1964	12	3	12	140	10	8		16			95		
4274	1964	12	3	15	220	67	8		8			96		
4274	1964	12	4	12	220	67	8		-20			91		
4274	1964	12	4	15	320	98	4		-27			88		
4274	1964	12	5	12	360	10	2		-86			53		
4274	1964	12	5	15	0	0	3		-82			64		
4274	1964	12	7	12	40	10	2		-88			49		
4274	1964	12	7	15	40	10	2		-74			46		
4274	1964	12	8	12	360	98	3		-90			49		
4274	1964	12	8	15	360	46	3		-94			41		
4274	1964	12	9	12	360	123	6		-45			52		
4274	1964	12	9	15	360	123	3		-41			51		
4274	1964	12	10	12	360	10	1		-90			53		
4274	1964	12	10	15	0	0	0		-84			55		
4274	1964	12	11	12	360	10	2		-74			58		
4274	1964	12	11	15	360	10	2		-60			51		
4274	1964	12	12	12	360	10	2		-100			60		
4274	1964	12	12	15	360	10	3		-100			61		
4274	1964	12	14	12	0	0	3		-85			72		
4274	1964	12	15	15	140	123	8		-17			98		
4274	1964	12	16	12	220	10	8		-20			99		
4274	1964	12	17	15	140	67	6		-40			99		
4274	1964	12	18	12	0	0	1		-102			99		
4274	1964	12	18	15	0	0	3		-102			99		
4274	1964	12	19	15	140	67	8		-10			95		
4274	1964	12	22	15	0	0	0		-92			63		
4274	1964	12	28	15	360	123	5		-25			88		
4274	1964	12	30	15	360	46	0		-71			45		
4274	1965	1	2	15	0	0	8		-40			57		
4274	1965	1	4	15	0	0	8		10			76		
4274	1965	1	6	12	360	67	8		-15			95		
4274	1965	1	6	15	360	190	8		-34			98		
4274	1965	1	7	12	360	123	2		-85			52		
4274	1965	1	7	15	360	190	3		-85			50		
4274	1965	1	8	12	360	98	1		-92			52		
4274	1965	1	9	15	140	26	4		-72			71		
4274	1965	1	11	12	360	67	6		-70			98		
4274	1965	1	11	15	360	46	6		-65			98		
4274	1965	1	12	15	360	190	7		-90			100		
4274	1965	1	13	12	360	10	6		-120			71		
4274	1965	1	13	15	40	10	2		-120			70		
4274	1965	1	14	15	140	46	2		-120			70		
4274	1965	1	15	12	0	0	7		-112			60		
4274	1965	1	15	15	0	0	3		-88			56		
4274	1965	1	16	12	360	67	1		-80			51		
4274	1965	1	16	15	360	67	1		-74			59		
4274	1965	1	18	12	40	98	2		-66			65		
4274	1965	1	18	15	140	10	3		-102			67		
4274	1965	1	19	12	40	46	7		-80			64		
4274	1965	1	19	15	40	10	7		-82			65		
4274	1965	1	20	12	90	10	1		-106			60		
4274	1965	1	20	15	40	26	1		-114			60		
4274	1965	1	21	12	40	123	2		-122			57		
4274	1965	1	21	15	40	10	2		-132			57		
4274	1965	1	22	12	0	0	1		-155			57		
4274	1965	1	22	15	0	0	1		-148			56		
4274	1965	1	23	12	360	46	8		-60			67		
4274	1965	1	23	15	40	46	7		-48			90		
4274	1965	1	25	12	140	10	7		-4			90		
4274	1965	1	25	15	140	10	8		-4			95		
4274	1965	1	26	12	140	46	6		-40			79		
4274	1965	1	26	15	140	46	8		-33			80		
4274	1965	1	27	12	0	0	2		-62			70		
4274	1965	1	27	15	0	0	3		-52			66		
4274	1965	1	28	12	140	46	8		-22			65		
4274	1965	1	28	15	140	46	8		-10			58		
4274	1965	1	29	12	140	67	8		-2			61		
4274	1965	1	29	15	140	123	8		-2			60		
4274	1965	1	30	12	220	98	6		-10			75		
4274	1965	1	30	15	220	190	8		-2			68		
4274	1965	2	1	12	140	46	8		-28			81		
4274	1965	2	1	15	220	98	8		-22			96		
4274	1965	2	2	12	140	46	8		12			97		
4274	1965	2	2	15	140	98	8		28			74		
4274	1965	2	3	12	140	98	8		16			84		
4274	1965	2	3	15	140	154	8		-12			83		
4274	1965	2	4	12	320	67	6		-6			94		
4274	1965	2	4	15	320	46	7		-7			79		
4274	1965	2	5	12	220	10	4		-47			92		
4274	1965	2	5	15	220	46	3		-28			88		
4274	1965	2	6	12	140	98	8		12			50		
4274	1965	2	6	15	140	46	8		5			60		
4274	1965	2	8	12	220	98	8		-102			96		
4274	1965	2	8	15	220	190	8		-96			96		
4274	1965	2	9	12	140	46	8		-6			96		
4274	1965	2	9	15	140	46	8		-4			96		
4274	1965	2	10	12	40	98	8		-49			97		
4274	1965	2	10	15	40	98	7		-54			97		
4274	1965	2	11	12	0	0	0		-97			92		
4274	1965	2	11	15	0	0	0		-94			90		
4274	1965	2	12	12	140	67	7		-78			74		
4274	1965	2	12	15	140	67	7		-85			78		
4274	1965	2	13	12	140	67	7		10			73		
4274	1965	2	13	15	140	46	7		26			73		
4274	1965	2	15	15	360	46	8		-4			94		
4274	1965	2	16	12	360	123	7		-36			76		
4274	1965	2	16	15	360	190	8		-42			75		
4274	1965	2	17	12	360	46	3		-86			78		
4274	1965	2	17	15	360	10	1		-92			64		
4274	1965	2	18	12	360	10	6		-114			58		
4274	1965	2	18	15	0	0	4		-95			50		
4274	1965	2	19	12	140	123	7		55			50		
4274	1965	2	19	15	140	154	4		59			53		
4274	1965	2	20	12	140	98	6		49			64		
4274	1965	2	20	15	140	98	7		56			59		
4274	1965	2	22	12	140	226	3		65			47		
4274	1965	2	22	15	140	268	4		69			45		
4274	1965	2	23	12	220	10	7		11			92		
4274	1965	2	23	15	220	46	1		36			76		
4274	1965	2	24	12	220	46	8		38			70		
4274	1965	2	24	15	140	98	7		55			57		
4274	1965	2	25	12	140	46	7		29			78		
4274	1965	2	25	15	140	98	5		30			79		
4274	1965	2	26	12	0	0	4		-14			87		
4274	1965	2	26	15	360	10	5		-1			84		
4274	1965	2	27	12	140	10	3		-26			92		
4274	1965	2	27	15	140	10	4		-14			89		
4274	1965	3	1	12	0	0	1		-54			84		
4274	1965	3	1	15	0	0	0		-26			79		
4274	1965	3	2	12	40	98	0		10			64		
4274	1965	3	2	15	40	10	0		29			60		
4274	1965	3	3	12	0	0	4		-30			83		
4274	1965	3	3	15	0	0	2		-6			85		
4274	1965	3	4	12	0	0	7		-5			72		
4274	1965	3	4	15	0	0	7		-4			74		
4274	1965	3	5	12	0	0	8		-21			96		
4274	1965	3	5	15	140	10	5		-15			83		
4274	1965	3	6	12	0	0	1		-60			55		
4274	1965	3	6	15	0	0	0		-40			59		
4274	1965	3	8	12	40	10	6		4			89		
4274	1965	3	8	15	0	0	7		16			86		
4274	1965	3	9	12	40	10	7		30			70		
4274	1965	3	9	15	0	0	7		20			78		
4274	1965	3	10	12	40	46	1		-40			59		
4274	1965	3	10	15	40	26	1		-28			59		
4274	1965	3	12	12	140	46	8		-30			76		
4274	1965	3	12	15	140	98	8		-32			90		
4274	1965	3	13	12	140	154	4		62			46		
4274	1965	3	13	15	140	190	3		70			44		
4274	1965	3	15	12	0	0	7		52			55		
4274	1965	3	15	15	0	0	6		58			58		
4274	1965	3	16	12	0	0	2		19			69		
4274	1965	3	25	12	0	0	3		5			58		
4274	1965	3	25	15	0	0	7		25			51		
4274	1965	3	26	12	360	67	2		-60			72		
4274	1965	3	26	15	40	98	1		-58			63		
4274	1965	3	27	12	140	10	0		-66			71		
4274	1965	3	27	15	140	10	1		-57			64		
4274	1965	3	29	12	0	0	8		-22			60		
4274	1965	3	29	15	0	0	8		20			56		
4274	1965	3	30	12	140	46	7		50			53		
4274	1965	3	30	15	140	46	7		65			48		
4274	1965	3	31	12	0	0	8		20			92		
4274	1965	3	31	15	360	10	8		30			86		
4274	1965	4	1	12	140	46	8		54			45		
4274	1965	4	1	15	140	98	7		62			45		
4274	1965	4	2	15	220	67	7		19			92		
4274	1965	4	3	12	0	0	2		19			66		
4274	1965	4	3	15	0	0	2		35			58		
4274	1965	4	5	12	140	67	8		37			54		
4274	1965	4	5	15	140	123	8		54			50		
4274	1965	4	6	12	0	0	8		49			50		
4274	1965	4	6	15	0	0	7		75			44		
4274	1965	4	13	15	360	46	0		-24			40		
4274	1965	4	14	12	360	154	1		-54			54		
4274	1965	4	14	15	360	154	0		-38			58		
4274	1965	4	17	12	140	46	8		-10			92		
4274	1965	4	17	15	140	46	8		-6			98		
4274	1965	4	20	12	320	67	8		-8			100		
4274	1965	4	20	15	320	46	8		-7			95		
4274	1965	4	21	12	140	10	7		-19			88		
4274	1965	4	22	12	140	10	8		-5			98		
4274	1965	4	22	15	360	67	8		-5			97		
4274	1965	4	23	12	0	0	4		-24			95		
4274	1965	4	23	15	360	10	6		-17			94		
4274	1965	4	24	12	360	10	8		-23			76		
4274	1965	4	24	15	360	10	8		-1			62		
4274	1965	4	26	12	360	10	8		12			98		
4274	1965	4	26	15	140	226	8		51			56		
4274	1965	4	27	12	220	123	8		20			94		
4274	1965	4	27	15	220	268	8		13			99		
4274	1965	4	28	12	220	10	8		0			100		
4274	1965	4	28	15	220	10	5		10			99		
4274	1965	4	29	12	0	0	0		-2			76		
4274	1965	4	29	15	0	0	0		16			76		
4274	1965	4	30	12	140	46	3		50			43		
4274	1965	4	30	15	140	67	4		78			46		
4274	1965	5	1	12	0	0	6		82			54		
4274	1965	5	1	15	220	10	3		105			47		
4274	1965	5	3	12	140	10	1		65			52		
4274	1965	5	3	15	0	0	2		110			47		
4274	1965	5	4	12	220	67	8		23			89		
4274	1965	5	4	15	0	0	8		24			94		
4274	1965	5	5	12	0	0	1		42			48		
4274	1965	5	5	15	0	0	1		60			49		
4274	1965	5	6	12	0	0	0		40			48		
4274	1965	5	6	15	140	10	1		74			35		
4274	1965	5	7	12	0	0	1		27			61		
4274	1965	5	7	15	320	10	1		13			92		
4274	1965	5	8	12	360	10	3		18			69		
4274	1965	5	8	15	320	10	3		38			71		
4274	1965	5	10	12	360	10	5		61			69		
4274	1965	5	10	15	0	0	4		95			43		
4274	1965	5	11	12	360	10	2		79			52		
4274	1965	5	11	15	320	10	1		100			46		
4274	1965	5	12	12	220	46	9		-8			99		
4274	1965	5	12	15	220	10	8		-7			98		
4274	1965	5	13	12	360	10	0		25			77		
4274	1965	5	13	15	320	10	0		70			55		
4274	1965	5	15	15	320	10	3		9			92		
4274	1965	5	19	12	360	46	0		44			55		
4274	1965	5	19	15	360	46	0		54			53		
4274	1965	5	20	12	360	10	0		72			55		
4274	1965	5	20	15	360	10	0		70			70		
4274	1965	5	21	12	220	46	3		14			96		
4274	1965	5	21	15	220	46	3		24			86		
4274	1965	5	22	12	220	98	8		32			97		
4274	1965	5	24	12	0	0	2		58			74		
4274	1965	5	24	15	320	10	2		66			66		
4274	1965	5	25	12	140	67	8		91			47		
4274	1965	5	25	15	140	67	8		102			41		
4274	1965	5	26	12	0	0	7		46			90		
4274	1965	5	26	15	0	0	4		77			67		
4274	1965	5	28	12	140	154	7		127			43		
4274	1965	5	28	15	140	154	8		123			45		
4274	1965	5	29	12	220	190	8		44			97		
4274	1965	5	29	15	220	98	8		31			100		
4274	1965	5	31	12	0	0	7		60			99		
4274	1965	5	31	15	0	0	7		40			98		
4274	1965	6	1	12	0	0	8		42			89		
4274	1965	6	1	15	320	10	8		32			94		
4274	1965	6	2	12	360	10	7		35			90		
4274	1965	6	2	15	320	10	8		35			88		
4274	1965	6	3	12	0	0	8		20			97		
4274	1965	6	3	15	0	0	8		20			98		
4274	1965	6	4	12	320	10	8		36			92		
4274	1965	6	4	15	360	46	8		42			82		
4274	1965	6	5	12	360	98	1		49			78		
4274	1965	6	8	15	0	0	8		131			50		
4274	1965	6	9	12	0	0	7		118			55		
4274	1965	6	9	15	320	46	5		81			74		
4274	1965	6	10	12	0	0	0		110			58		
4274	1965	6	10	15	320	10	1		108			54		
4274	1965	6	11	12	360	10	1		135			53		
4274	1965	6	11	15	320	10	2		150			47		
4274	1965	6	12	12	0	0	7		130			63		
4274	1965	6	12	15	140	26	7		158			48		
4274	1965	6	14	12	0	0	0		148			40		
4274	1965	6	14	15	320	10	1		103			52		
4274	1965	6	15	12	320	26	9		24			99		
4274	1965	6	15	15	320	46	6		26			98		
4274	1965	6	16	12	220	46	8		15			99		
4274	1965	6	16	15	220	26	8		29			98		
4274	1965	6	17	12	220	123	8		16			98		
4274	1965	6	17	15	220	123	8		8			98		
4274	1965	6	18	12	360	98	3		74			67		
4274	1965	6	18	15	360	26	3		97			65		
4274	1965	6	19	12	320	10	4		25			95		
4274	1965	6	19	15	320	10	5		36			92		
4274	1965	6	21	12	0	0	7		97			66		
4274	1965	6	21	15	0	0	6		113			52		
4274	1965	6	22	12	360	26	3		46			87		
4274	1965	6	22	15	360	46	1		66			80		
4274	1965	6	23	12	320	10	3		32			99		
4274	1965	6	23	15	320	26	6		26			99		
4274	1965	6	24	12	0	0	7		47			95		
4274	1965	6	24	15	320	26	1		55			90		
4274	1965	7	6	12	0	0	8		81			100		
4274	1965	7	13	12	220	67	7		57			96		
4274	1965	7	13	13	220	67	6		56			95		
4274	1965	7	13	14	220	98	7		56			95		
4274	1965	7	13	15	220	67	7		59			95		
4274	1965	7	13	16	220	67	6		68			95		
4274	1965	7	13	17	220	10	6		69			91		
4274	1965	7	15	12	0	0	2		91			95		
4274	1965	7	15	15	320	10	6		85			92		
4274	1965	7	16	12	0	0	2		100			87		
4274	1965	7	16	15	320	46	2		85			91		
4274	1965	7	17	12	320	10	9		42			100		
4274	1965	7	17	15	320	10	4		45			98		
4274	1965	7	19	12	0	0	8		42			100		
4274	1965	7	19	15	320	10	6		46			100		
4274	1965	7	20	12	360	10	8		83			99		
4274	1965	7	20	15	320	10	8		66			100		
4274	1965	7	21	12	320	10	0		52			90		
4274	1965	7	22	12	320	10	3		74			88		
4274	1965	7	22	15	320	10	2		84			85		
4274	1965	7	23	12	220	26	6		114			65		
4274	1965	7	24	12	220	46	8		92			97		
4274	1965	7	24	15	220	46	8		73			100		
4274	1965	7	26	15	0	0	8		130			97		
4274	1965	7	27	12	40	10	8		95			97		
4274	1965	7	27	15	40	46	8		109			90		
4274	1965	7	28	12	0	0	3		100			94		
4274	1965	7	28	15	320	26	3		69			100		
4274	1965	7	28	17	320	46	3		65			99		
4274	1965	7	29	12	360	10	7		71			98		
4274	1965	7	30	12	320	46	7		30			100		
4274	1965	7	30	15	220	93	8		30			98		
4274	1965	7	31	12	320	10	7		52			100		
4274	1965	7	31	15	320	26	7		44			100		
4274	1965	8	2	12	360	26	1		66			93		
4274	1965	8	2	15	320	46	1		67			97		
4274	1965	8	9	12	360	26	4		128			72		
4274	1965	8	9	15	360	26	3		155			70		
4274	1965	8	10	12	140	10	4		61			100		
4274	1965	8	11	12	220	123	8		81			100		
4274	1965	8	11	15	220	46	8		75			100		
4274	1965	8	12	12	360	26	7		90			96		
4274	1965	8	12	15	360	10	7		108			88		
4274	1965	8	13	12	0	0	7		92			95		
4274	1965	8	13	15	0	0	8		104			90		
4274	1965	8	14	12	230	93	8		42			100		
4274	1965	8	14	15	230	26	8		56			100		
4274	1965	8	16	12	0	0	7		88			97		
4274	1965	8	16	15	360	93	6		116			78		
4274	1965	8	17	12	360	10	3		70			98		
4274	1965	8	17	15	230	10	1		96			89		
4274	1965	8	18	12	360	93	1		78			85		
4274	1965	8	18	15	360	123	1		72			88		
4274	1965	8	19	12	320	10	8		33			100		
4274	1965	8	19	15	0	0	8		60			97		
4274	1965	8	20	12	320	10	8		73			95		
4274	1965	8	20	15	320	26	3		78			94		
4274	1965	8	21	12	0	0	8		75			100		
4274	1965	8	21	15	140	67	8		80			100		
4274	1965	8	23	12	200	93	8		46			100		
4274	1965	8	23	15	200	46	4		52			100		
4274	1965	8	24	12	340	46	6		48			100		
4274	1965	8	24	15	230	26	4		63			94		
4274	1965	8	25	12	140	93	8		83			59		
4274	1965	8	25	15	140	93	8		104			53		
4274	1965	8	27	12	360	10	1		96			76		
4274	1965	8	27	15	0	0	1		116			61		
4274	1965	8	28	12	230	67	8		28			100		
4274	1965	8	28	15	230	26	8		34			100		
4274	1965	8	28	19	230	10	6		41			90		
4274	1965	8	30	12	230	123	8		54			95		
4274	1965	8	30	15	230	98	8		73			90		
4274	1965	8	31	12	230	154	8		52			100		
4274	1965	8	31	15	230	154	8		39			100		
4274	1965	9	1	12	230	26	8		60			100		
4274	1965	9	1	15	360	46	4		75			89		
4274	1965	9	2	12	360	10	1		72			71		
4274	1965	9	2	15	360	26	7		81			74		
4274	1965	9	3	12	230	154	8		55			100		
4274	1965	9	3	15	230	154	8		55			100		
4274	1965	9	4	12	230	93	8		54			100		
4274	1965	9	4	15	230	93	8		45			100		
4274	1965	9	6	12	360	10	1		67			98		
4274	1965	9	6	15	0	0	1		85			88		
4274	1965	9	7	12	230	46	8		46			100		
4274	1965	9	7	15	230	46	8		46			100		
4274	1965	9	8	12	360	26	3		53			88		
4274	1965	9	9	12	230	123	8		78			75		
4274	1965	9	9	15	230	154	8		80			95		
4274	1965	9	10	12	230	154	8		41			100		
4274	1965	9	10	15	230	123	8		43			100		
4274	1965	9	11	12	230	93	8		46			100		
4274	1965	9	11	15	230	93	7		19			87		
4274	1965	9	13	12	360	46	7		86			71		
4274	1965	9	13	15	360	46	8		80			67		
4274	1965	9	14	12	360	46	7		52			90		
4274	1965	9	14	15	360	10	7		62			89		
4274	1965	9	15	12	0	0	6		28			100		
4274	1965	9	15	15	230	10	7		46			96		
4274	1965	9	16	12	360	123	1		40			76		
4274	1965	9	16	15	360	46	1		58			63		
4274	1965	9	17	12	0	0	1		27			76		
4274	1965	9	17	15	230	26	1		45			69		
4274	1965	9	18	12	360	26	6		62			58		
4274	1965	9	18	15	360	26	5		82			57		
4274	1965	9	20	12	230	46	8		23			93		
4274	1965	9	20	15	230	46	8		26			91		
4274	1965	9	21	12	230	123	8		24			100		
4274	1965	9	21	15	230	154	8		24			100		
4274	1965	9	22	12	360	46	4		37			95		
4274	1965	9	22	15	360	123	2		44			83		
4274	1965	9	23	12	360	46	0		33			56		
4274	1965	9	23	15	360	123	1		53			45		
4274	1965	9	24	12	230	26	8		29			69		
4274	1965	9	24	15	230	93	8		22			96		
4274	1965	9	24	17	230	10	7		25			100		
4274	1965	9	25	12	140	93	8		11			100		
4274	1965	9	25	15	140	46	8		29			100		
4274	1965	9	27	12	320	93	8		42			100		
4274	1965	9	27	15	230	67	7		44			100		
4274	1965	9	28	12	140	46	6		15			100		
4274	1965	9	30	12	360	46	8		37			98		
4274	1965	10	4	12	230	67	8		12			100		
4274	1965	10	6	12	230	190	8		52			100		
4274	1965	10	7	12	230	93	8		34			100		
4274	1965	10	7	15	230	154	7		42			100		
4274	1965	10	8	12	360	10	7		58			84		
4274	1965	10	8	15	0	0	4		85			73		
4274	1965	10	9	12	230	26	8		37			100		
4274	1965	10	11	15	0	0	6		26			100		
4274	1965	10	12	12	360	10	2		-9			86		
4274	1965	10	12	15	360	10	1		19			69		
4274	1965	10	13	12	0	0	1		-4			80		
4274	1965	10	13	15	0	0	1		13			70		
4274	1965	10	14	12	140	123	8		20			100		
4274	1965	10	16	12	360	26	7		14			94		
4274	1965	10	20	12	0	0	2		-31			81		
4274	1965	10	20	15	0	0	3		-3			59		
4274	1965	10	21	12	0	0	0		-36			83		
4274	1965	10	21	15	0	0	0		-11			64		
4274	1965	10	23	12	0	0	2		-23			100		
4274	1965	10	23	15	0	0	2		3			88		
4274	1965	10	26	12	320	46	8		4			95		
4274	1965	10	26	15	320	46	7		8			90		
4274	1965	10	27	12	140	46	6		-10			88		
4274	1965	10	27	15	140	46	7		-5			80		
4274	1965	10	28	12	360	26	6		-36			74		
4274	1965	10	28	15	0	0	6		-26			69		
4274	1965	10	29	12	0	0	1		-72			66		
4274	1965	10	29	15	140	26	2		-56			58		
4274	1965	10	30	12	140	123	7		-56			58		
4274	1965	10	30	15	140	123	3		-48			56		
4274	1965	11	1	12	140	93	8		-3			100		
4274	1965	11	1	15	140	93	8		-1			100		
4274	1965	11	2	12	230	268	8		25			95		
4274	1965	11	3	12	360	67	7		-6			92		
4274	1965	11	3	15	360	93	4		-2			85		
4274	1965	11	4	12	0	0	3		-56			70		
4274	1965	11	5	12	140	190	8		0			100		
4274	1965	11	5	15	140	226	8		0			100		
4274	1965	11	6	12	230	226	8		10			100		
4274	1965	11	8	12	360	10	8		18			78		
4274	1965	11	8	15	360	46	8		25			90		
4274	1965	11	9	12	360	67	8		10			97		
4274	1965	11	10	12	230	26	8		-5			100		
4274	1965	11	10	15	230	26	8		-9			100		
4274	1965	11	11	12	360	10	7		36			74		
4274	1965	11	11	15	360	46	7		42			74		
4274	1965	11	12	12	360	67	7		1			96		
4274	1965	11	13	12	360	154	1		-18			75		
4274	1965	11	13	15	360	154	0		-13			74		
4274	1965	11	15	12	0	0	7		15			84		
4274	1965	11	17	12	140	67	7		29			57		
4274	1965	11	18	12	0	0	2		-1			91		
4274	1965	11	19	12	140	46	7		-7			99		
4274	1965	11	19	15	0	0	7		-4			100		
4274	1965	11	20	12	200	46	7		-4			72		
4274	1965	11	20	15	200	93	6		8			64		
4274	1965	11	22	12	140	123	8		30			62		
4274	1965	11	22	15	140	154	8		30			55		
4274	1965	11	23	12	140	46	8		-2			100		
4274	1965	11	23	15	0	0	8		11			91		
4274	1965	11	24	12	140	154	7		30			57		
4274	1965	11	24	15	140	190	7		35			52		
4274	1965	11	25	12	140	268	7		24			49		
4274	1965	11	26	12	140	67	7		13			55		
4274	1965	11	26	15	140	67	8		13			60		
4274	1965	11	27	12	140	46	6		-5			58		
4274	1965	11	27	15	140	46	3		-9			61		
4274	1965	11	29	12	140	67	5		-25			71		
4274	1965	11	29	15	140	67	5		-19			76		
4274	1965	12	10	12	140	10	1		-96			74		
4274	1965	12	20	12	360	67	8		-46			90		
4274	1965	12	20	13	360	93	8		-45			84		
4274	1966	1	11	12	0	0	8		-13			93		
4274	1966	1	12	12	0	0	8		-18			100		
4274	1966	1	13	12	140	10	2		45			74		
4274	1966	1	13	15	20	10	4		-30			69		
4274	1966	1	17	12	0	0	2		-15			78		
4274	1966	1	18	12	160	10	6		-13			70		
4274	1966	1	19	12	20	10	1		-69			67		
4274	1966	1	19	15	20	10	1		-58			63		
4274	1966	1	20	12	0	0	0		-93			76		
4274	1966	1	21	12	0	0	1		-95			75		
4274	1966	1	21	15	0	0	1		-74			80		
4274	1966	1	22	12	0	0	2		-99			93		
4274	1966	1	22	15	0	0	3		-66			86		
4274	1966	1	24	12	40	10	1		-86			69		
4274	1966	1	24	15	0	0	1		-74			72		
4274	1966	1	25	12	90	10	2		-82			68		
4274	1966	1	25	15	90	10	3		-71			81		
4274	1966	1	26	12	90	10	7		-74			80		
4274	1966	1	26	15	0	0	7		-70			76		
4274	1966	1	27	12	0	0	2		-123			75		
4274	1966	1	27	15	0	0	3		-98			79		
4274	1966	1	28	12	90	10	5		-76			83		
4274	1966	1	28	15	0	0	7		-80			75		
4274	1966	1	29	12	140	46	2		-84			82		
4274	1966	1	29	15	140	26	3		-80			76		
4274	1966	1	31	12	0	0	1		-104			75		
4274	1966	1	31	15	0	0	1		-70			70		
4274	1966	2	1	12	20	46	5		-55			73		
4274	1966	2	1	15	20	67	2		-42			74		
4274	1966	2	2	12	0	0	7		-23			68		
4274	1966	2	2	15	0	0	6		-11			64		
4274	1966	2	3	12	40	26	5		-20			70		
4274	1966	2	3	15	40	10	3		-13			69		
4274	1966	2	4	12	40	67	1		-18			74		
4274	1966	2	4	15	40	46	1		-4			69		
4274	1966	2	5	12	40	10	1		-42			72		
4274	1966	2	5	15	0	0	1		-25			73		
4274	1966	2	7	12	0	0	7		-28			76		
4274	1966	2	7	15	0	0	5		-27			87		
4274	1966	2	8	12	0	0	3		-42			70		
4274	1966	2	8	15	0	0	2		-35			75		
4274	1966	2	9	12	40	10	2		-63			97		
4274	1966	2	9	15	40	10	4		-43			96		
4274	1966	2	10	12	0	0	8		-75			100		
4274	1966	2	10	15	0	0	7		-80			100		
4274	1966	2	11	12	160	93	7		-50			77		
4274	1966	2	11	15	160	93	8		-36			69		
4274	1966	2	12	12	140	67	8		2			64		
4274	1966	2	12	15	140	123	8		8			77		
4274	1966	2	14	12	0	0	8		-7			100		
4274	1966	2	14	15	160	10	8		-1			100		
4274	1966	2	15	12	140	123	7		36			65		
4274	1966	2	15	15	140	154	7		41			65		
4274	1966	2	16	12	140	309	6		54			51		
4274	1966	2	16	15	140	309	7		58			49		
4274	1966	2	17	12	140	309	4		62			67		
4274	1966	2	17	15	140	309	5		60			67		
4274	1966	2	18	12	140	226	3		68			48		
4274	1966	2	18	15	140	268	3		72			49		
4274	1966	2	19	12	140	190	1		54			43		
4274	1966	2	19	15	140	123	1		59			46		
4274	1966	2	21	12	90	10	7		-22			69		
4274	1966	2	21	15	0	0	6		-3			62		
4274	1966	2	22	12	90	10	2		-32			55		
4274	1966	2	22	15	90	10	2		-18			56		
4274	1966	2	23	12	0	0	6		-10			63		
4274	1966	2	28	12	90	10	8		5			59		
4274	1966	2	28	15	90	67	7		13			57		
4274	1966	3	1	12	50	67	8		-11			92		
4274	1966	3	1	15	50	46	8		-4			91		
4274	1966	3	2	12	320	10	6		-42			100		
4274	1966	3	2	15	360	10	6		-26			95		
4274	1966	3	3	12	90	10	2		-65			84		
4274	1966	3	4	12	0	0	1		-63			83		
4274	1966	3	4	15	0	0	2		-41			74		
4274	1966	3	5	12	360	93	2		-68			80		
4274	1966	3	7	12	230	93	8		-34			81		
4274	1966	3	7	15	230	190	8		-36			94		
4274	1966	3	8	12	320	67	8		0			100		
4274	1966	3	8	15	360	93	8		-9			100		
4274	1966	3	9	12	360	190	3		-70			81		
4274	1966	3	9	15	360	190	3		-77			72		
4274	1966	3	10	12	0	0	3		-118			67		
4274	1966	3	10	15	360	10	2		-99			65		
4274	1966	3	11	12	360	10	1		-117			60		
4274	1966	3	12	12	320	67	3		-75			66		
4274	1966	3	12	15	360	10	2		-106			70		
4274	1966	3	14	12	50	10	3		-30			77		
4274	1966	3	14	15	50	10	3		-12			81		
4274	1966	3	15	12	140	10	3		-14			98		
4274	1966	3	15	15	140	10	1		-3			93		
4274	1966	3	16	12	0	0	7		-40			86		
4274	1966	3	16	15	200	46	8		-28			79		
4274	1966	3	17	12	160	10	6		-26			93		
4274	1966	3	17	15	360	10	7		-19			73		
4274	1966	3	18	12	360	93	4		-46			93		
4274	1966	3	18	15	360	154	2		-50			85		
4274	1966	3	19	12	0	0	7		-102			76		
4274	1966	3	19	15	360	10	1		-74			76		
4274	1966	3	21	12	360	93	1		-54			100		
4274	1966	3	21	15	360	123	0		-47			99		
4274	1966	3	22	12	360	26	3		-53			70		
4274	1966	3	22	15	360	10	4		-30			75		
4274	1966	3	23	12	140	67	8		-12			83		
4274	1966	3	23	15	140	93	8		-11			94		
4274	1966	3	24	12	140	123	8		1			100		
4274	1966	3	24	15	0	0	8		0			100		
4274	1966	3	25	12	0	0	8		-42			100		
4274	1966	3	25	15	140	123	8		-34			100		
4274	1966	3	26	12	360	123	1		-85			66		
4274	1966	3	26	15	360	93	1		-65			62		
4274	1966	3	28	12	140	46	8		2			100		
4274	1966	3	29	12	0	0	8		1			97		
4274	1966	3	29	15	0	0	8		2			97		
4274	1966	3	30	12	140	10	8		31			100		
4274	1966	3	30	15	140	46	8		36			100		
4274	1966	3	31	12	140	93	7		40			74		
4274	1966	3	31	15	0	0	8		46			76		
4274	1966	4	1	12	360	10	7		16			100		
4274	1966	4	1	15	0	0	6		30			99		
4274	1966	4	2	12	0	0	8		16			100		
4274	1966	4	2	15	0	0	8		22			97		
4274	1966	4	4	12	230	10	8		-5			85		
4274	1966	4	4	15	140	10	6		1			75		
4274	1966	4	5	12	90	10	8		-19			77		
4274	1966	4	6	12	0	0	1		32			79		
4274	1966	4	6	15	360	10	1		13			72		
4274	1966	4	9	12	0	0	1		20			64		
4274	1966	4	9	15	340	10	1		30			69		
4274	1966	4	12	12	50	10	6		-1			80		
4274	1966	4	13	12	360	10	8		-16			97		
4274	1966	4	14	12	0	0	1		63			65		
4274	1966	4	14	15	90	10	1		83			52		
4274	1966	4	15	12	0	0	0		42			63		
4274	1966	4	15	15	270	10	1		38			69		
4274	1966	4	16	12	270	46	9		16			100		
4274	1966	4	21	12	140	93	7		8			70		
4274	1966	4	28	12	0	0	1		57			53		
4274	1966	12	19	12	20	46	4		-5			77		
4274	1966	12	19	15	20	72	8		-25			72		
4274	1966	12	20	12	20	46	8		0			100		
4274	1966	12	20	15	20	46	8		0			100		
4274	1966	12	21	15	340	67	4		16			73		
4274	1966	12	22	12	0	0	2		-3			100		
4274	1966	12	22	15	0	0	2		-8			66		
4274	1966	12	23	12	0	0	2		-92			80		
4274	1966	12	23	15	0	0	1		-90			73		
4274	1966	12	27	12	0	0	1		-130			55		
4274	1966	12	29	12	360	123	1		-130			55		
4274	1966	12	30	12	360	98	1		-100			55		
4274	1967	8	1	12	360	10	2		80			90		
4274	1967	8	2	12	220	26	8		80			100		
4274	1967	8	3	12	50	67	8		90			90		
4274	1967	8	3	15	220	26	8		90			90		
4274	1967	8	4	12	360	26	3		80			90		
4274	1967	8	4	15	360	5	3		120			90		
4274	1967	8	5	12	0	0	6		70			100		
4274	1967	8	5	15	0	0	0		70			100		
4274	1967	8	7	12	220	26	9		30			100		
4274	1967	8	7	15	220	26	9		30			100		
4274	1967	8	8	12	220	46	9		60			100		
4274	1967	8	8	15	220	26	9		60			100		
4274	1967	8	9	12	360	77	1		80			75		
4274	1967	8	9	15	360	46	0		100			70		
4274	1967	8	10	12	50	98	8		50			100		
4274	1967	8	10	15	50	98	8		50			100		
4274	1967	8	11	12	50	67	8		40			100		
4274	1967	8	11	15	50	67	8		40			100		
4274	1967	8	12	12	360	46	1		100			65		
4274	1967	8	12	15	360	10	1		100			65		
4274	1967	8	14	12	360	10	8		50			100		
4274	1967	8	14	15	220	26	8		50			100		
4274	1967	8	15	12	0	0	6		70			100		
4274	1967	8	15	15	220	26	1		70			100		
4274	1967	8	16	12	0	0	8		80			90		
4274	1967	8	16	15	220	26	4		80			90		
4274	1967	8	17	12	360	46	8		70			95		
4274	1967	8	17	15	220	26	8		70			95		
4274	1967	8	18	12	180	26	8		40			100		
4274	1967	8	18	15	180	26	8		70			90		
4274	1967	8	19	12	0	0	4		70			90		
4274	1967	8	19	15	0	0	4		70			90		
4274	1967	8	21	12	360	46	0		50			90		
4274	1967	8	21	15	360	46	0		70			70		
4274	1967	8	22	12	360	46	4		30			90		
4274	1967	8	22	15	220	26	3		30			90		
4274	1967	8	23	12	180	46	8		50			100		
4274	1967	8	23	15	180	46	8		50			100		
4274	1967	8	24	12	360	26	2		60			100		
4274	1967	8	24	15	360	46	4		70			95		
4274	1967	8	25	12	0	0	9		50			100		
4274	1967	8	25	15	0	0	9		50			100		
4274	1967	8	26	12	0	0	0		30			100		
4274	1967	8	26	15	220	26	3		50			100		
4274	1967	8	28	12	0	0	7		50			100		
4274	1967	8	28	15	0	0	6		50			100		
4274	1967	8	29	12	180	26	8		30			100		
4274	1967	8	29	15	180	46	9		30			100		
4274	1967	8	30	12	0	0	9		30			100		
4274	1967	8	30	15	0	0	9		30			100		
4274	1967	8	31	15	0	0	9		30			100		
4274	1967	11	1	12	40	98	8		-50			70		
4274	1967	11	1	15	40	98	8		-50			70		
4274	1967	11	2	12	40	67	8		-10			100		
4274	1967	11	2	15	40	67	9		-10			100		
4274	1967	11	3	12	0	0	8		-10			100		
4274	1967	11	3	15	0	0	8		-10			100		
4274	1967	11	4	12	40	123	9		-20			100		
4274	1967	11	4	15	40	98	9		-20			100		
4274	1967	11	6	12	40	98	8		-10			85		
4274	1967	11	6	15	40	98	8		-10			85		
4274	1967	11	7	12	220	67	8		0			100		
4274	1967	11	7	15	220	46	8		0			100		
4274	1967	11	8	12	360	46	4		-30			90		
4274	1967	11	8	15	360	46	4		-30			90		
4274	1967	11	9	12	40	98	3		-60			100		
4274	1967	11	9	15	40	67	8		-60			100		
4274	1967	11	10	12	360	26	0		-80			65		
4274	1967	11	10	15	0	0	0		-80			65		
4274	1967	11	11	12	40	123	8		-40			65		
4274	1967	11	11	15	40	154	9		-40			65		
4274	1967	11	13	12	40	67	5		-60			70		
4274	1967	11	13	15	40	67	5		-60			70		
4274	1967	11	14	12	40	154	9		0			100		
4274	1967	11	14	15	40	154	9		0			100		
4274	1967	11	15	12	220	123	9		30			100		
4274	1967	11	15	15	220	123	9		30			100		
4274	1967	11	16	12	320	46	7		-10			75		
4274	1967	11	16	15	320	26	9		-10			75		
4274	1967	11	17	12	40	26	8		-40			70		
4274	1967	11	17	15	360	26	8		-40			70		
4274	1967	11	18	12	360	154	2		-10			70		
4274	1967	11	18	15	360	98	8		-10			70		
4274	1967	11	20	12	40	98	8		-60			50		
4274	1967	11	20	15	40	98	8		-30			55		
4274	1967	11	21	12	40	154	9		0			100		
4274	1967	11	22	12	360	98	8		-10			95		
4274	1967	11	22	15	360	98	8		-10			95		
4274	1967	11	23	12	360	98	2		-40			95		
4274	1967	11	23	15	360	67	0		-40			95		
4274	1967	11	24	12	40	123	8		-60			65		
4274	1967	11	24	15	40	123	8		-60			65		
4274	1967	11	25	12	40	98	8		20			100		
4274	1967	11	27	12	360	46	0		-40			70		
4274	1967	11	27	15	360	123	0		-40			70		
4274	1967	11	30	15	360	154	0		-100			50		
4274	1967	12	1	12	360	26	1		-150			60		
4274	1967	12	1	15	360	26	1		-150			60		
4274	1967	12	2	12	0	0	8		-110			65		
4274	1967	12	2	15	0	0	8		-110			65		
4274	1967	12	4	12	0	0	0		-110			65		
4274	1967	12	4	15	0	0	0		-110			65		
4274	1967	12	5	12	0	0	8		-110			65		
4274	1967	12	5	15	0	0	8		-110			65		
4274	1967	12	6	12	0	0	2		-90			75		
4274	1967	12	6	15	0	0	8		-90			75		
4274	1967	12	7	12	40	67	8		10			90		
4274	1967	12	8	12	40	123	8		40			60		
4274	1967	12	8	15	40	154	8		40			60		
4274	1967	12	9	12	360	67	8		10			100		
4274	1967	12	9	15	360	67	8		10			100		
4274	1967	12	20	15	0	0	0		-50			100		
4274	1967	12	21	12	0	0	0		-30			100		
4274	1967	12	21	15	0	0	0		-30			100		
4274	1967	12	22	12	0	0	0		-60			100		
4274	1967	12	22	15	0	0	1		-60			100		
4274	1968	1	3	12	40	268	1		-30			70		
4274	1968	1	3	15	40	268	8		-30			70		
4274	1968	1	4	12	40	123	8		-20			55		
4274	1968	1	4	15	40	123	8		-20			55		
4274	1968	1	5	12	360	46	3		-70			65		
4274	1968	1	5	15	360	26	3		-70			65		
4274	1968	1	6	12	40	46	8		0			60		
4274	1968	1	6	15	40	67	3		0			60		
4274	1968	1	8	12	360	46	3		-20			70		
4274	1968	1	8	15	40	46	3		-20			100		
4274	1968	1	9	12	40	123	8		30			65		
4274	1968	1	9	15	40	268	9		30			65		
4274	1968	1	10	12	220	67	8		0			100		
4274	1968	1	10	15	40	98	2		0			100		
4274	1968	1	11	12	40	98	8		-10			100		
4274	1968	1	11	15	40	98	1		-10			100		
4274	1968	1	12	12	360	26	2		-50			85		
4274	1968	1	12	15	360	46	2		-50			85		
4274	1968	1	13	12	360	46	8		-20			95		
4274	1968	1	13	15	360	67	1		-20			95		
4274	1968	1	15	12	40	67	8		-50			100		
4274	1968	1	15	15	220	46	9		-50			100		
4274	1968	1	16	12	270	98	8		-30			90		
4274	1968	1	16	14	270	67	8		-30			90		
4274	1968	1	16	15	270	67	8		-30			90		
4274	1968	1	17	12	0	0	8		-30			95		
4274	1968	1	17	15	0	0	8		-30			95		
4274	1968	1	18	12	360	67	1		-50			100		
4274	1968	1	18	15	360	98	2		-50			100		
4274	1968	1	19	12	360	98	4		-60			100		
4274	1968	1	19	15	360	98	6		-60			100		
4274	1968	1	20	12	0	0	8		-80			95		
4274	1968	1	20	15	40	67	2		-60			100		
4274	1968	1	22	12	360	46	3		-50			100		
4274	1968	1	22	15	40	46	8		-50			100		
4274	1968	1	23	12	220	190	8		10			95		
4274	1968	1	23	15	270	226	8		10			95		
4274	1968	1	24	12	360	46	3		10			95		
4274	1968	1	24	15	360	46	3		-10			95		
4274	1968	1	25	12	40	67	9		-10			100		
4274	1968	1	25	15	40	67	9		-10			100		
4274	1968	1	26	12	360	46	2		-50			100		
4274	1968	1	26	15	40	46	8		-50			100		
4274	1968	1	27	12	40	123	9		-50			100		
4274	1968	1	27	15	40	190	9		-50			100		
4274	1968	1	29	12	360	226	1		-150			100		
4274	1968	1	29	15	360	226	1		-150			100		
4274	1968	1	30	12	360	309	0		-150			100		
4274	1968	1	30	15	360	309	0		-120			100		
4274	1968	1	31	12	40	123	9		-60			100		
4274	1968	2	1	12	360	26	4		-140			100		
4274	1968	2	1	15	360	26	1		-140			100		
4274	1968	2	2	12	360	98	8		-60			100		
4274	1968	2	2	15	360	98	1		-60			100		
4274	1968	2	3	12	360	190	1		-150			90		
4274	1968	2	3	15	360	185	0		-150			90		
4274	1968	2	5	12	40	98	9		-70			100		
4274	1968	2	5	15	40	98	9		-70			100		
4274	1968	2	6	12	0	0	1		-80			100		
4274	1968	2	6	15	0	0	1		-80			100		
4274	1968	2	7	12	40	46	7		-30			95		
4274	1968	2	7	15	40	46	3		-30			95		
4274	1968	2	8	12	40	67	8		0			80		
4274	1968	2	8	15	40	98	8		0			80		
4274	1968	2	9	12	0	0	8		-20			100		
4274	1968	2	9	15	0	0	8		-20			100		
4274	1968	2	10	12	40	46	8		0			90		
4274	1968	2	10	15	40	26	8		0			90		
4274	1968	2	12	12	40	67	8		-20			100		
4274	1968	2	12	15	40	26	8		-20			100		
4274	1968	2	13	12	40	46	8		-20			100		
4274	1968	2	13	15	40	46	8		-20			100		
4274	1968	2	14	12	40	26	8		10			100		
4274	1968	2	14	15	40	26	8		0			100		
4274	1968	2	15	12	140	123	2		40			85		
4274	1968	2	15	15	140	123	2		40			85		
4274	1968	2	16	12	230	67	9		0			100		
4274	1968	2	16	15	40	67	9		0			100		
4274	1968	2	17	12	40	26	8		-10			100		
4274	1968	2	19	12	40	10	2		-30			95		
4274	1968	2	19	15	40	26	2		-30			95		
4274	1968	2	20	12	270	26	9		-20			100		
4274	1968	2	20	15	270	26	9		-20			100		
4274	1968	2	21	12	140	98	2		60			70		
4274	1968	2	21	15	140	98	2		60			70		
4274	1968	2	22	12	40	26	1		-30			100		
4274	1968	2	22	15	40	26	1		-30			100		
4274	1968	2	23	12	220	123	1		-50			100		
4274	1968	2	23	15	220	123	1		-50			100		
4274	1968	2	24	12	0	0	8		-20			100		
4274	1968	2	24	15	360	10	8		-20			100		
4274	1968	2	26	12	40	26	2		-30			100		
4274	1968	2	26	15	0	0	2		-30			100		
4274	1968	2	27	12	360	154	0		-100			100		
4274	1968	2	27	15	360	154	0		-100			100		
4274	1968	2	28	12	0	0	0		-150			65		
4274	1968	2	28	15	0	0	0		-150			65		
4274	1968	3	2	12	40	10	9		-70			100		
4274	1968	3	2	15	40	67	9		-70			100		
4274	1968	3	4	12	220	46	9		0			100		
4274	1968	3	4	15	220	46	9		0			100		
4274	1968	3	5	12	40	154	8		30			100		
4274	1968	3	5	15	40	154	8		30			100		
4274	1968	3	6	12	220	67	8		10			100		
4274	1968	3	6	15	220	67	8		10			100		
4274	1968	3	7	12	0	0	8		-20			100		
4274	1968	3	7	15	40	26	4		-20			100		
4274	1968	3	8	12	0	0	8		0			100		
4274	1968	3	8	15	0	0	9		0			100		
4274	1968	3	11	12	40	46	8		-80			100		
4274	1968	3	11	15	360	10	8		-20			100		
4274	1968	3	12	12	40	10	8		-20			95		
4274	1968	3	12	15	40	98	8		-50			100		
4274	1968	3	13	12	40	123	8		10			100		
4274	1968	3	13	15	40	123	8		10			100		
4274	1968	3	14	12	0	0	0		-110			100		
4274	1968	3	14	15	40	26	4		-110			100		
4274	1968	3	15	12	40	154	9		-30			100		
4274	1968	3	15	15	360	226	9		-30			100		
4274	1968	3	16	12	360	98	4		-60			100		
4274	1968	3	16	15	360	123	1		-90			100		
4274	1968	3	18	12	0	0	0		-140			100		
4274	1968	3	18	15	360	98	0		-140			100		
4274	1968	3	19	12	360	98	0		-100			100		
4274	1968	3	19	15	360	98	0		-100			100		
4274	1968	3	20	12	0	0	1		-130			100		
4274	1968	3	20	15	0	0	1		-130			100		
4274	1968	3	21	12	360	98	8		-140			100		
4274	1968	3	21	15	360	98	8		-140			100		
4274	1968	3	22	12	0	0	1		-120			100		
4274	1968	3	22	15	360	26	1		-120			100		
4274	1968	3	23	12	0	0	1		-120			100		
4274	1968	3	23	15	0	0	1		-120			100		
4274	1968	3	25	12	40	46	8		-50			100		
4274	1968	3	25	15	0	0	8		-30			100		
4274	1968	3	26	12	360	154	1		-100			100		
4274	1968	3	26	15	360	154	1		-100			100		
4274	1968	3	27	12	360	154	0		-140			80		
4274	1968	3	27	15	360	123	0		-80			80		
4274	1968	4	5	12	0	0	8		0			100		
4274	1968	4	5	15	0	0	8		0			100		
4274	1968	4	8	15	40	26	0		0			100		
4274	1968	4	10	12	0	0	8		20			80		
4274	1968	4	10	15	0	0	1		50			70		
4274	1968	4	13	12	360	46	2		-30			100		
4274	1968	4	13	15	320	26	2		-10			100		
4274	1968	4	16	12	90	46	8		-10			100		
4274	1968	4	16	15	90	46	4		-10			100		
4274	1968	4	17	12	0	0	2		0			100		
4274	1968	4	17	15	0	0	2		0			100		
4274	1968	4	18	12	360	123	0		0			100		
4274	1968	4	18	15	360	123	0		0			100		
4274	1968	4	19	12	0	0	8		10			100		
4274	1968	4	19	15	0	0	8		30			100		
4274	1968	4	20	12	360	98	0		0			100		
4274	1968	4	20	15	360	98	0		0			100		
4274	1968	4	22	12	360	46	2		-30			100		
4274	1968	4	22	15	360	46	2		-10			100		
4274	1968	4	23	12	360	46	0		-30			100		
4274	1968	4	23	15	360	46	0		-30			100		
4274	1968	4	24	12	0	0	5		-10			100		
4274	1968	4	24	15	0	0	8		-10			100		
4274	1968	4	25	12	0	0	8		0			100		
4274	1968	4	25	15	0	0	9		0			100		
4274	1968	4	26	12	360	98	0		-10			85		
4274	1968	4	26	15	360	123	0		-10			85		
4274	1968	4	27	12	40	26	3		0			100		
4274	1968	4	27	15	40	26	3		0			100		
4274	1968	4	29	12	40	46	8		20			100		
4274	1968	4	29	15	40	46	8		20			100		
4274	1968	4	30	12	0	0	8		10			100		
4274	1968	4	30	15	0	0	8		10			100		
4274	1968	5	1	12	0	0	8		20			100		
4274	1968	5	1	15	0	0	8		20			100		
4274	1968	5	2	12	40	46	8		20			100		
4274	1968	5	2	15	40	46	8		20			100		
4274	1968	5	3	12	220	67	3		20			100		
4274	1968	5	3	15	220	67	3		20			100		
4274	1968	5	4	12	220	67	8		40			100		
4274	1968	5	4	15	220	67	8		40			100		
4274	1968	5	6	12	0	0	8		50			100		
4274	1968	5	6	15	0	0	8		50			100		
4274	1968	5	7	12	0	0	8		40			100		
4274	1968	5	7	15	0	0	8		40			100		
4274	1968	5	8	12	360	26	6		40			100		
4274	1968	5	8	15	360	26	6		40			100		
4274	1968	5	9	12	360	46	3		0			100		
4274	1968	5	9	15	360	46	8		0			100		
4274	1968	5	11	12	220	46	8		10			100		
4274	1968	5	11	15	220	26	8		10			100		
4274	1968	5	13	12	0	0	2		60			65		
4274	1968	5	13	15	0	0	2		60			65		
4274	1968	5	14	12	220	26	2		20			100		
4274	1968	5	14	15	220	26	2		20			100		
4274	1968	5	15	12	0	0	0		50			60		
4274	1968	5	15	15	0	0	0		50			60		
4274	1968	5	21	12	220	46	2		100			60		
4274	1968	5	21	15	220	46	6		100			60		
4274	1968	5	22	12	360	46	7		90			80		
4274	1968	5	22	15	360	26	7		120			70		
4274	1968	5	24	12	0	0	6		120			70		
4274	1968	5	24	15	220	26	6		120			70		
4274	1968	5	25	12	0	0	4		120			70		
4274	1968	5	25	15	220	26	8		120			70		
4274	1968	5	27	12	220	26	2		120			70		
4274	1968	5	27	15	220	26	2		120			70		
4274	1968	5	28	12	0	0	1		120			70		
4274	1968	5	28	15	320	26	1		120			70		
4274	1968	5	29	12	360	67	8		0			100		
4274	1968	5	29	15	360	67	8		0			100		
4274	1968	5	30	12	360	67	8		10			100		
4274	1968	5	30	15	320	46	8		10			100		
4274	1968	5	31	12	220	46	7		20			100		
4274	1968	5	31	15	220	46	7		20			100		
4274	1968	6	1	12	320	46	8		10			100		
4274	1968	6	1	15	320	46	8		10			100		
4274	1968	6	4	12	360	26	8		20			100		
4274	1968	6	4	15	0	0	8		20			100		
4274	1968	6	5	12	360	26	8		20			100		
4274	1968	6	5	15	320	26	8		20			100		
4274	1968	6	6	12	320	26	1		20			100		
4274	1968	6	6	15	320	26	4		20			100		
4274	1968	6	7	12	0	0	2		100			60		
4274	1968	6	7	15	0	0	2		100			60		
4274	1968	6	8	12	320	26	2		100			60		
4274	1968	6	8	15	320	26	2		100			60		
4274	1968	6	10	15	320	26	2		100			60		
4274	1968	6	11	12	360	26	8		100			100		
4274	1968	6	11	15	360	26	8		100			100		
4274	1968	6	12	12	30	46	5		60			100		
4274	1968	6	13	12	320	26	8		40			100		
4274	1968	6	13	15	320	26	8		40			100		
4274	1968	6	14	12	360	46	2		80			100		
4274	1968	6	14	15	360	46	7		100			80		
4274	1968	6	15	12	0	0	0		100			80		
4274	1968	6	15	15	320	26	0		100			80		
4274	1968	6	17	12	230	67	8		50			100		
4274	1968	6	17	15	230	67	8		50			100		
4274	1968	6	18	12	360	67	8		30			100		
4274	1968	6	18	15	360	67	5		50			100		
4274	1968	6	19	12	230	26	0		50			100		
4274	1968	6	19	15	0	0	0		50			100		
4274	1968	6	20	12	360	26	0		110			70		
4274	1968	6	20	15	0	0	0		140			60		
4274	1968	6	21	12	0	0	0		100			100		
4274	1968	6	21	15	0	0	0		50			100		
4274	1968	6	22	12	0	0	0		50			100		
4274	1968	6	22	15	0	0	0		50			100		
4274	1968	6	24	12	230	26	8		30			100		
4274	1968	6	25	12	230	26	8		30			100		
4274	1968	6	25	15	230	26	8		30			100		
4274	1968	6	26	12	0	0	8		40			100		
4274	1968	6	26	15	0	0	8		40			100		
4274	1968	6	27	12	360	46	3		50			100		
4274	1968	6	27	15	320	67	1		50			100		
4274	1968	6	28	12	360	46	6		50			100		
4274	1968	6	28	15	360	46	6		50			100		
4274	1968	6	29	12	230	26	8		40			100		
4274	1968	6	29	15	230	26	8		40			100		
4274	1968	7	1	12	230	26	8		50			100		
4274	1968	7	1	15	230	46	2		50			100		
4274	1968	7	2	12	0	0	8		80			100		
4274	1968	7	2	15	230	26	8		120			85		
4274	1968	7	4	12	0	0	8		110			85		
4274	1968	7	4	15	360	26	8		110			85		
4274	1968	7	5	12	0	0	6		40			100		
4274	1968	7	5	15	0	0	6		80			100		
4274	1968	7	6	12	230	26	8		50			100		
4274	1968	7	6	15	0	0	3		50			100		
4274	1968	7	8	12	0	0	9		60			100		
4274	1968	7	8	15	230	26	8		60			100		
4274	1968	7	9	12	0	0	8		100			100		
4274	1968	7	9	15	0	0	8		100			100		
4274	1968	7	10	12	0	0	4		140			75		
4274	1968	7	10	15	0	0	2		140			75		
4274	1968	7	11	12	230	46	8		70			100		
4274	1968	7	11	15	0	0	8		70			100		
4274	1968	7	12	12	230	26	9		60			100		
4274	1968	7	12	15	230	26	9		60			100		
4274	1968	7	13	12	0	0	9		60			100		
4274	1968	7	13	15	0	0	9		60			100		
4274	1968	7	15	12	230	26	8		40			100		
4274	1968	7	15	15	230	26	8		40			100		
4274	1968	7	16	12	0	0	9		40			100		
4274	1968	7	16	15	230	10	5		40			100		
4274	1968	7	17	12	0	0	4		110			100		
4274	1968	7	17	15	0	0	4		110			100		
4274	1968	7	18	15	360	26	8		80			100		
4274	1968	7	19	12	360	26	2		140			100		
4274	1968	7	19	15	360	26	2		190			80		
4274	1968	8	12	12	0	0	8							
4274	1968	8	12	15	0	0	8							
4274	1968	8	13	15	0	0	6							
4274	1968	8	14	12	0	0	8							
4274	1968	8	14	15	0	0	8							
4274	1968	8	15	12	0	0	6							
4274	1968	8	15	15	0	0	6							
4274	1968	8	16	12	0	0	0							
4274	1968	8	16	15	320	26	8							
4274	1968	8	17	12	0	0	8							
4274	1968	8	17	15	0	0	8							
4274	1968	8	19	12	0	0	6							
4274	1968	8	19	15	0	0	6							
4274	1968	8	20	12	360	26	8							
4274	1968	8	20	15	360	26	8							
4274	1968	8	21	12	360	26	6							
4274	1968	8	22	12	0	0	8							
4274	1968	8	22	15	0	0	8							
4274	1968	8	23	12	360	26	6							
4274	1968	8	23	15	360	26	6							
4274	1968	8	24	12	360	26	6							
4274	1968	8	24	15	360	26	6							
4274	1968	8	26	12	360	26	8							
4274	1968	8	26	15	360	26	6							
4274	1968	8	27	12	0	0	5							
4274	1968	8	27	15	0	0	8							
4274	1968	8	29	12	360	46	0							
4274	1968	8	29	15	360	46	0							
4274	1968	8	30	12	360	26	4							
4274	1968	8	30	15	360	26	4							
4274	1968	8	31	12	0	0	0							
4274	1968	8	31	15	360	46	0							
4274	1968	9	2	12	360	67	0		70			100		
4274	1968	9	2	15	360	98	0		70			100		
4274	1968	9	3	12	0	0	0		80			80		
4274	1968	9	3	15	0	0	0		80			80		
4274	1968	9	4	12	360	26	2		60			80		
4274	1968	9	4	15	360	67	2		60			80		
4274	1968	9	5	12	40	46	0		60			60		
4274	1968	9	5	15	220	26	2		60			60		
4274	1968	9	6	12	0	0	0		60			100		
4274	1968	9	6	15	0	0	0		60			100		
4274	1968	9	7	12	0	0	0		60			100		
4274	1968	9	11	12	360	26	5		40			100		
4274	1968	9	11	15	360	46	8		40			100		
4274	1968	9	12	12	360	67	8		30			100		
4274	1968	9	12	15	360	26	8		30			100		
4274	1968	9	13	12	0	0	3		30			100		
4274	1968	9	13	15	0	0	4		30			100		
4274	1968	9	14	12	0	0	2		30			100		
4274	1968	9	16	12	0	0	8		80			100		
4274	1968	9	16	15	0	0	8		80			100		
4274	1968	9	17	12	0	0	2		70			100		
4274	1968	9	17	15	0	0	0		70			100		
4274	1968	9	18	12	0	0	0		50			100		
4274	1968	9	18	15	360	10	0		90			100		
4274	1968	9	19	12	0	0	8		50			100		
4274	1968	9	19	15	0	0	8		50			100		
4274	1968	9	20	12	0	0	9		40			100		
4274	1968	9	20	15	0	0	8		40			100		
4274	1968	9	21	12	360	10	8		40			100		
4274	1968	9	23	15	40	10	8		80			100		
4274	1968	9	24	12	0	0	8		20			100		
4274	1968	9	24	15	0	0	8		50			80		
4274	1968	9	25	12	360	26	0		50			75		
4274	1968	9	25	15	360	26	0		50			100		
4274	1968	9	26	12	0	0	1		10			100		
4274	1968	9	27	12	0	0	8		40			100		
4274	1968	9	27	15	0	0	8		40			100		
4274	1968	9	28	12	360	26	2		50			100		
4274	1968	9	30	12	0	0	0		0			100		
4274	1968	9	30	15	0	0	0		0			100		
4274	1968	10	1	12	220	10	1		20			100		
4274	1968	10	1	15	0	0	1		20			100		
4274	1968	10	2	12	220	46	4		20			90		
4274	1968	10	2	15	220	46	2		20			90		
4274	1968	10	3	12	0	0	2		20			90		
4274	1968	10	3	15	0	0	2		20			90		
4274	1968	10	4	12	0	0	0		0			100		
4274	1968	10	4	15	0	0	0		0			100		
4274	1968	10	5	12	0	0	0		0			100		
4274	1968	10	7	12	0	0	1		0			100		
4274	1968	10	7	15	0	0	1		0			100		
4274	1968	10	8	12	0	0	1		10			100		
4274	1968	10	8	15	220	46	1		10			100		
4274	1968	10	9	12	0	0	0		30			90		
4274	1968	10	9	15	0	0	0		30			90		
4274	1968	10	10	12	0	0	0		-10			100		
4274	1968	10	10	15	0	0	0		-10			100		
4274	1968	10	11	12	0	0	0		-20			100		
4274	1968	10	11	15	0	0	1		-20			100		
4274	1968	10	12	12	40	10	4		-20			100		
4274	1968	10	14	12	0	0	0		-30			90		
4274	1968	10	14	15	0	0	0		-30			90		
4274	1968	10	15	12	40	46	8		-20			100		
4274	1968	10	15	15	40	67	8		-20			100		
4274	1968	10	16	12	0	0	8		20			80		
4274	1968	10	16	15	0	0	8		20			80		
4274	1968	10	17	12	0	0	4		0			85		
4274	1968	10	17	15	360	26	4		0			85		
4274	1968	10	18	12	360	26	3		0			100		
4274	1968	10	18	15	360	46	3		0			100		
4274	1968	10	19	12	360	26	8		30			100		
4274	1968	10	21	12	230	26	8		20			100		
4274	1968	10	21	15	0	0	8		20			100		
4274	1968	10	22	12	230	26	8		10			100		
4274	1968	10	22	15	230	26	8		10			100		
4274	1968	10	23	12	0	0	7		0			100		
4274	1968	10	23	15	0	0	8		0			100		
4274	1968	10	24	12	0	0	4		-10			100		
4274	1968	10	24	15	0	0	1		-10			100		
4274	1968	10	25	12	230	26	9		-20			100		
4274	1968	10	25	15	230	26	9		-20			100		
4274	1968	10	26	12	0	0	9		0			100		
4274	1968	10	28	12	360	26	0		0			100		
4274	1968	10	28	15	0	0	0		0			100		
4274	1968	10	29	12	0	0	0		-40			100		
4274	1968	10	29	15	0	0	0		-40			100		
4274	1968	10	30	12	0	0	3		-30			100		
4274	1968	10	30	15	0	0	3		-30			100		
4274	1968	10	31	12	230	46	1		0			85		
4274	1968	10	31	15	40	46	1		0			85		
4274	1968	11	4	12	0	0	1		0			85		
4274	1968	11	4	15	40	26	4		0			85		
4274	1968	11	5	12	0	0	0		-60			100		
4274	1968	11	5	15	0	0	0		-60			100		
4274	1968	11	6	12	0	0	0		-60			100		
4274	1968	11	6	15	0	0	0		-60			100		
4274	1968	11	7	12	0	0	0		-60			100		
4274	1968	11	7	15	0	0	0		-60			100		
4274	1968	11	8	12	0	0	1		-60			100		
4274	1968	11	9	12	0	0	1		-60			100		
4274	1968	11	9	15	0	0	1		-60			100		
4274	1968	11	11	12	360	26	8		0			100		
4274	1968	11	11	15	360	26	8		0			100		
4274	1968	11	12	12	360	26	8		40			100		
4274	1968	11	12	15	360	26	8		40			100		
4274	1968	11	13	12	0	0	0		0			100		
4274	1968	11	13	15	0	0	0		0			100		
4274	1968	11	14	12	0	0	0		0			100		
4274	1968	11	14	15	0	0	0		0			100		
4274	1968	11	15	12	360	26	3		-30			100		
4274	1968	11	15	15	360	26	1		-30			100		
4274	1968	11	16	12	360	26	8		40			85		
4274	1968	11	18	12	0	0	9		-10			100		
4274	1968	11	18	15	0	0	3		-10			100		
4274	1968	11	19	12	360	46	0		-10			100		
4274	1968	11	19	15	360	46	0		-10			100		
4274	1968	11	20	12	220	26	9		-60			100		
4274	1968	11	20	15	220	46	8		-60			100		
4274	1968	11	21	12	220	67	9		60			100		
4274	1968	11	21	15	220	67	9		60			100		
4274	1968	11	22	12	0	0	8		10			100		
4274	1968	11	22	15	0	0	8		10			100		
4274	1968	11	23	12	360	46	8		-10			100		
4274	1968	11	25	12	360	67	0		-60			80		
4274	1968	11	25	15	360	67	0		-60			80		
4274	1968	11	26	12	0	0	2		-60			100		
4274	1968	11	26	15	0	0	2		-60			100		
4274	1968	11	27	12	140	123	8		60			80		
4274	1968	11	27	15	140	190	9		60			80		
4274	1968	11	28	12	230	46	9		0			100		
4274	1968	11	28	15	230	26	9		0			100		
4274	1968	11	29	12	230	98	9		-30			100		
4274	1968	11	29	15	230	98	9		-30			100		
4274	1968	11	30	12	230	46	9		-60			100		
4274	1968	12	2	12	360	46	8		0			100		
4274	1968	12	2	15	360	67	8		0			100		
4274	1968	12	3	12	360	46	8		0			100		
4274	1968	12	3	15	360	46	8		0			100		
4274	1968	12	4	12	360	26	8		0			100		
4274	1968	12	4	15	360	26	8		0			100		
4274	1968	12	5	12	360	26	8		-40			100		
4274	1968	12	5	15	360	46	0		-40			100		
4274	1968	12	6	12	40	26	8		0			100		
4274	1968	12	6	15	0	0	8		0			100		
4274	1968	12	7	12	0	0	8		20			100		
4274	1968	12	9	12	360	46	8		20			100		
4274	1968	12	9	15	360	46	4		20			100		
4274	1968	12	10	12	40	46	8		-30			100		
4274	1968	12	10	15	40	46	8		-30			100		
4274	1968	12	11	12	360	98	8		-30			100		
4274	1968	12	11	15	360	123	7		-30			100		
4274	1968	12	12	12	360	46	4		-80			100		
4274	1968	12	12	15	360	46	3		-80			100		
4274	1968	12	13	12	360	98	3		-80			100		
4274	1968	12	13	15	360	98	8		-80			100		
4274	1968	12	21	12	360	26	3		-80			100		
4274	1968	12	21	15	360	26	8		-80			100		
4274	1968	12	23	12	0	0	9		-50			100		
4274	1968	12	23	15	0	0	9		-50			100		
4274	1968	12	27	12	140	98	8		80			70		
4274	1968	12	27	15	140	123	8		80			70		
4274	1968	12	28	12	0	0	8		10			100		
4274	1968	12	28	15	0	0	8		10			100		
4274	1968	12	30	12	220	46	8		10			100		
4274	1968	12	30	15	40	46	9		10			100		
4274	1969	1	2	12	0	0	8		-50			100		
4274	1969	1	2	15	0	0	9		-50			100		
4274	1969	1	3	12	40	10	8		-10			100		
4274	1969	1	3	15	40	10	8		-10			100		
4274	1969	1	4	12	40	67	8		0			60		
4274	1969	1	4	15	40	67	8		0			60		
4274	1969	1	6	12	220	67	8		-80			100		
4274	1969	1	6	15	220	46	8		-80			100		
4274	1969	1	7	12	220	67	8		-40			70		
4274	1969	1	7	15	220	67	6		-40			70		
4274	1969	1	8	12	0	0	8		-80			100		
4274	1969	1	8	15	0	0	8		-80			100		
4274	1969	1	9	12	0	0	8		-80			100		
4274	1969	1	9	15	0	0	8		-80			100		
4274	1969	1	10	12	360	10	8		-20			90		
4274	1969	1	10	15	0	0	8		-20			90		
4274	1969	1	11	12	140	26	8		0			100		
4274	1969	1	13	12	0	0	8		-40			100		
4274	1969	1	13	15	140	26	8		-40			100		
4274	1969	1	14	12	40	46	8		-50			100		
4274	1969	1	14	15	40	67	9		-50			100		
4274	1969	1	15	12	220	67	9		-80			100		
4274	1969	1	15	15	220	98	9		-80			100		
4274	1969	1	16	12	40	46	8		-30			100		
4274	1969	1	16	15	40	46	9		-30			100		
4274	1969	1	17	12	0	0	0		-90			100		
4274	1969	1	17	15	360	46	4		-90			100		
4274	1969	1	18	12	0	0	8		-120			100		
4274	1969	1	20	12	0	0	7		-50			90		
4274	1969	1	20	15	0	0	7		-50			90		
4274	1969	1	21	12	0	0	8		-20			100		
4274	1969	1	21	15	0	0	8		-20			100		
4274	1969	1	22	12	0	0	5		-70			100		
4274	1969	1	22	15	0	0	4		-70			100		
4274	1969	1	23	12	360	26	8		-30			100		
4274	1969	1	23	15	360	26	6		-30			100		
4274	1969	1	24	12	360	67	8		-30			100		
4274	1969	1	24	15	360	98	5		-30			100		
4274	1969	1	25	12	360	67	0		-50			100		
4274	1969	1	27	12	0	0	8		-30			100		
4274	1969	1	27	15	0	0	8		-30			100		
4274	1969	1	28	12	0	0	9		0			100		
4274	1969	1	28	15	360	46	8		0			100		
4274	1969	1	30	12	360	46	0		-100			100		
4274	1969	1	31	12	360	67	2		-90			100		
4274	1969	1	31	15	0	0	1		-90			100		
4274	1969	2	3	12	40	26	8		-80					
4274	1969	2	3	15	40	46	8		-80					
4274	1969	2	4	12	360	46	0		-120					
4274	1969	2	4	15	360	46	0		-120					
4274	1969	2	5	12	40	26	8		-100					
4274	1969	2	5	15	40	46	6		-100					
4274	1969	2	6	12	220	67	8		-80					
4274	1969	2	7	12	140	154	8		30					
4274	1969	2	7	15	140	154	8		30					
4274	1969	2	10	12	320	26	8		-20					
4274	1969	2	10	15	0	0	8		-20					
4274	1969	2	11	12	40	26	8		-80					
4274	1969	2	11	15	0	0	8		-80					
4274	1969	2	12	12	40	67	8		0					
4274	1969	2	12	15	40	26	8		0					
4274	1969	2	13	12	140	46	8		20					
4274	1969	2	13	15	140	67	9		20					
4274	1969	2	14	12	220	46	9		20					
4274	1969	2	14	15	220	46	9		20					
4274	1969	2	15	12	0	0	6		20					
4274	1969	2	17	12	0	0	0		0					
4274	1969	2	17	15	40	10	0		0					
4274	1969	2	18	12	0	0	1		-50					
4274	1969	2	18	15	360	10	0		-50					
4274	1969	2	19	12	360	10	8		0					
4274	1969	2	19	15	0	0	8		0					
4274	1969	2	20	12	0	0	8		0					
4274	1969	2	20	15	0	0	8		0					
4274	1969	2	21	12	360	98	7		-40					
4274	1969	2	21	15	360	98	4		-40					
4274	1969	2	22	12	360	10	0		-80					
4274	1969	2	24	12	220	46	1		-20					
4274	1969	2	24	15	220	26	1		-20					
4274	1969	2	25	12	0	0	0		-80					
4274	1969	2	25	15	360	10	0		-80					
4274	1969	2	26	12	360	46	8		-50					
4274	1969	2	26	15	0	0	4		-50					
4274	1969	2	27	12	360	46	0		-80					
4274	1969	2	27	15	360	67	0		-80					
4274	1969	2	28	12	0	0	8		-70					
4274	1969	2	28	15	0	0	8		-70					
4274	1969	3	1	12	0	0	8		-80			100		
4274	1969	3	3	12	40	26	8		-40			80		
4274	1969	3	3	15	0	0	8		-40			80		
4274	1969	3	4	12	360	26	6		-40			100		
4274	1969	3	4	15	360	26	4		-40			100		
4274	1969	3	5	12	40	67	4		-50			90		
4274	1969	3	5	15	220	67	8		-50			90		
4274	1969	3	6	12	40	67	8		0			90		
4274	1969	3	6	15	40	46	8		0			90		
4274	1969	3	7	12	140	26	4		40			90		
4274	1969	3	7	15	140	26	4		40			90		
4274	1969	3	8	12	140	26	8		10			85		
4274	1969	3	10	12	0	0	0		-10			85		
4274	1969	3	10	15	0	0	0		-10			85		
4274	1969	3	11	12	0	0	0		-10			100		
4274	1969	3	11	15	0	0	0		-10			100		
4274	1969	3	12	12	360	46	0		-30			100		
4274	1969	3	12	15	360	46	0		-30			100		
4274	1969	3	13	12	360	10	8		-30			100		
4274	1969	3	13	15	0	0	8		-30			100		
4274	1969	3	14	12	360	67	0		-70			100		
4274	1969	3	14	15	360	98	0		-70			100		
4274	1969	3	15	12	360	98	2		-110			65		
4274	1969	3	17	12	220	98	9		-20			100		
4274	1969	3	17	15	220	98	9		-20			100		
4274	1969	3	18	12	220	46	8		-10			100		
4274	1969	3	18	15	220	26	8		-10			100		
4274	1969	3	19	12	360	26	2		-40			65		
4274	1969	3	19	15	360	46	2		-40			65		
4274	1969	3	20	12	360	10	8		40			95		
4274	1969	3	20	15	140	26	8		40			95		
4274	1969	3	21	12	140	46	8		40			65		
4274	1969	3	21	15	140	46	8		40			65		
4274	1969	3	22	12	0	0	8		20			100		
4274	1969	3	22	15	0	0	8		20			100		
4274	1969	3	24	12	0	0	8		0			100		
4274	1969	3	24	15	0	0	8		0			100		
4274	1969	3	25	12	40	26	8		-10			100		
4274	1969	3	25	15	220	46	8		-10			100		
4274	1969	3	26	12	360	46	6		-10			100		
4274	1969	3	26	15	360	46	4		-10			100		
4274	1969	3	27	12	220	46	8		-10			70		
4274	1969	3	27	15	220	67	8		-10			70		
4274	1969	3	28	12	220	98	8		-40			100		
4274	1969	3	28	15	220	154	9		-40			100		
4274	1969	3	29	12	220	154	9		-40			100		
4274	1969	3	29	15	220	154	9		-40			100		
4274	1969	3	31	12	220	154	9		0			100		
4274	1969	3	31	15	220	190	9		0			100		
4274	1969	4	1	12	360	10	5		-40					
4274	1969	4	1	15	360	10	5		-40					
4274	1969	4	2	12	360	10	0		-120					
4274	1969	4	2	15	360	26	0		-120					
4274	1969	4	5	12	220	67	9		-50					
4274	1969	4	5	15	220	46	8		-50					
4274	1969	4	8	12	360	123	4		-50					
4274	1969	4	8	15	360	123	4		-50					
4274	1969	4	9	12	360	46	3		-80					
4274	1969	4	9	15	360	26	0		-80					
4274	1969	4	10	12	0	0	2		-80					
4274	1969	4	10	15	360	10	2		-80					
4274	1969	4	11	12	0	0	0		-80					
4274	1969	4	11	15	220	26	0		-80					
4274	1969	4	12	12	220	67	9		0					
4274	1969	4	12	15	220	67	9		0					
4274	1969	4	14	12	320	67	0		-50					
4274	1969	4	14	15	320	67	2		-50					
4274	1969	4	15	12	40	46	7		-70					
4274	1969	4	15	15	40	46	7		-70					
4274	1969	4	16	12	220	67	9		-10					
4274	1969	4	16	15	220	26	9		-10					
4274	1969	4	17	12	220	26	9		-10					
4274	1969	4	18	12	0	0	0		-30					
4274	1969	4	18	15	0	0	0		30					
4274	1969	4	19	12	0	0	8		-30					
4274	1969	4	21	12	360	26	6		30					
4274	1969	4	21	15	360	26	5		30					
4274	1969	4	22	12	0	0	3		60					
4274	1969	4	22	15	0	0	1		80			80		
4274	1969	4	23	12	0	0	8		-30					
4274	1969	4	23	15	0	0	8		-30					
4274	1969	4	24	12	360	26	8		-30					
4274	1969	4	24	15	360	26	8		-30					
4274	1969	4	25	12	40	67	8		-30					
4274	1969	4	25	15	40	67	8		-30					
4274	1969	4	26	12	140	46	5		30			80		
4274	1969	4	28	12	140	67	8		70			70		
4274	1969	4	28	15	140	98	4		70			70		
4274	1969	4	30	12	220	26	8		20					
4274	1969	4	30	15	220	10	8		20					
4274	1969	5	1	12	0	0	8		10					
4274	1969	5	3	12	0	0	8		30					
4274	1969	5	5	12	0	0	0		40					
4274	1969	5	5	15	0	0	0		80					
4274	1969	5	6	12	0	0	0		40					
4274	1969	5	6	15	0	0	0		80					
4274	1969	5	7	12	0	0	8		0					
4274	1969	5	7	15	0	0	8		0					
4274	1969	5	8	12	0	0	0		10					
4274	1969	5	8	15	270	10	0		30					
4274	1969	5	9	12	360	26	0		30					
4274	1969	5	9	15	360	10	0		50					
4274	1969	5	10	12	360	26	0		0					
4274	1969	5	12	12	220	26	8		30					
4274	1969	5	12	15	220	10	8		30					
4274	1969	5	13	12	220	46	8		30					
4274	1969	5	13	15	220	67	8		40					
4274	1969	5	14	12	220	26	8		20					
4274	1969	5	14	15	220	26	8		20					
4274	1969	5	16	12	360	26	8		30					
4274	1969	5	16	15	360	10	6		50					
4274	1969	5	17	12	0	0	8		10					
4274	1969	5	19	15	360	123	0		-10					
4274	1969	5	20	12	360	67	0		0					
4274	1969	5	20	15	360	67	0		0					
4274	1969	5	21	12	220	67	8		0					
4274	1969	5	21	15	220	67	8		0					
4274	1969	5	22	12	360	67	8		-30					
4274	1969	5	22	15	360	67	8		-30					
4274	1969	5	23	12	0	0	0		-30					
4274	1969	5	23	15	360	26	0		-30					
4274	1969	5	24	12	0	0	0		-20					
4274	1969	5	27	12	0	0	1		60					
4274	1969	5	27	15	360	10	3		60					
4274	1969	5	28	12	360	10	3		60					
4274	1969	5	28	15	360	10	3		60					
4274	1969	5	29	12	270	26	1		50					
4274	1969	5	29	15	270	26	1		50					
4274	1969	5	30	12	0	0	9		10					
4274	1969	5	30	15	0	0	8		10					
4274	1969	5	31	12	0	0	9		10					
4274	1969	6	2	12	360	10	8		60					
4274	1969	6	2	15	360	26	8		60					
4274	1969	6	3	12	0	0	6		100			95		
4274	1969	6	3	15	0	0	6		140			55		
4274	1969	6	4	12	360	10	8		50					
4274	1969	6	4	15	270	10	8		50					
4274	1969	6	5	12	220	46	9		30					
4274	1969	6	5	15	220	26	9		30					
4274	1969	6	6	12	360	26	8		40					
4274	1969	6	6	15	360	26	6		40					
4274	1969	6	7	12	360	46	0		40					
4274	1969	6	7	15	360	26	0		40					
4274	1969	6	9	12	220	26	6		40					
4274	1969	6	9	15	220	46	8		40					
4274	1969	6	10	12	220	46	8		60					
4274	1969	6	10	15	220	46	8		60					
4274	1969	6	11	12	0	0	0		40					
4274	1969	6	11	15	0	0	0		40					
4274	1969	6	12	12	0	0	8		40					
4274	1969	6	12	15	270	26	8		40					
4274	1969	6	13	12	360	26	0		40					
4274	1969	6	13	15	360	10	0		90			75		
4274	1969	6	14	12	270	26	8		40					
4274	1969	6	14	15	220	26	8		40					
4274	1969	6	16	12	220	46	9		0					
4274	1969	6	16	15	220	26	8		0					
4274	1969	6	17	12	270	10	4		20					
4274	1969	6	17	15	270	10	2		20					
4274	1969	6	18	12	360	46	0		40					
4274	1969	6	18	15	360	46	0		40					
4274	1969	6	19	12	270	26	2		40			80		
4274	1969	6	19	15	270	26	2		40			80		
4274	1969	6	20	12	0	0	9		40					
4274	1969	6	20	15	270	26	9		40					
4274	1969	6	21	12	360	46	0		20					
4274	1969	6	23	12	220	26	9		20					
4274	1969	6	23	15	220	26	6		20					
4274	1969	6	24	12	270	10	0		20					
4274	1969	6	24	15	360	46	0		40					
4274	1969	6	25	12	360	10	1		50					
4274	1969	6	25	15	270	26	1		50					
4274	1969	6	26	12	220	26	9		20					
4274	1969	6	26	15	220	10	9		20					
4274	1969	6	27	12	220	10	8		40					
4274	1969	6	27	15	220	10	8		40					
4274	1969	6	28	12	0	0	9		40					
4274	1969	6	28	15	0	0	9		40					
4274	1969	6	30	12	360	46	8		60					
4274	1969	6	30	15	360	46	8		60					
4274	1969	7	1	12	360	67	4		40					
4274	1969	7	1	15	360	67	4		40					
4274	1969	7	2	12	220	10	8		10					
4274	1969	7	2	15	270	10	8		10					
4274	1969	7	3	12	220	26	8		40					
4274	1969	7	4	12	220	26	8		40					
4274	1969	7	4	15	220	26	8		40					
4274	1969	7	5	12	220	26	9		30					
4274	1969	7	7	12	270	26	8		30					
4274	1969	7	7	15	0	0	8		30					
4274	1969	7	8	12	220	26	8		40					
4274	1969	7	8	15	220	26	5		40					
4274	1969	7	9	12	220	26	9		40					
4274	1969	7	9	15	220	26	8		40					
4274	1969	7	10	12	0	0	8		70					
4274	1969	7	10	15	0	0	8		70					
4274	1969	7	11	12	360	46	6		40					
4274	1969	7	11	15	270	26	6		40					
4274	1969	7	12	12	360	26	8		50					
4274	1969	7	12	15	360	26	4		50					
4274	1969	7	14	12	360	26	0		40					
4274	1969	7	14	15	360	26	0		40					
4274	1969	7	15	12	270	26	9		10					
4274	1969	7	15	15	270	26	9		10					
4274	1969	7	16	12	220	26	8		10					
4274	1969	7	16	15	220	26	8		10					
4274	1969	7	17	12	220	46	8		40					
4274	1969	7	17	15	220	46	8		40					
4274	1969	7	18	12	220	26	8		40					
4274	1969	7	18	15	220	26	8		40					
4274	1969	7	19	12	360	10	4		90					
4274	1969	7	19	15	270	26	4		90					
4274	1969	7	21	12	270	10	8		0					
4274	1969	7	21	15	270	10	8		0					
4274	1969	7	22	12	360	10	2		40					
4274	1969	7	22	15	360	10	4		40					
4274	1969	7	23	12	360	67	0		60					
4274	1969	7	23	15	360	67	0		60					
4274	1969	7	24	12	220	26	7		40					
4274	1969	7	24	15	220	26	7		40					
4274	1969	7	25	12	270	26	8		30					
4274	1969	7	25	15	270	26	8		30					
4274	1969	7	26	12	360	26	0		30					
4274	1969	7	28	12	220	46	2		20					
4274	1969	7	28	15	220	46	2		20					
4274	1969	7	29	12	0	0	2		40					
4274	1969	7	29	15	0	0	2		40					
4274	1969	7	30	12	270	10	0		0					
4274	1969	7	30	15	270	10	0		0					
4274	1969	7	31	12	270	10	1		20					
4274	1969	7	31	15	270	10	1		20					
4274	1969	8	1	12	0	0	1		40					
4274	1969	8	1	15	270	26	1		40					
4274	1969	8	2	12	0	0	9		0					
4274	1969	8	6	12	0	0	9		40					
4274	1969	8	6	15	270	10	9		40					
4274	1969	8	7	12	0	0	1		20					
4274	1969	8	7	15	270	26	1		20					
4274	1969	8	8	12	360	26	8		50					
4274	1969	8	8	15	360	26	8		50					
4274	1969	8	9	12	0	0	0		70					
4274	1969	8	11	12	360	10	0		70					
4274	1969	8	11	15	360	26	0		70					
4274	1969	8	12	12	0	0	0		60					
4274	1969	8	12	15	270	10	0		60					
4274	1969	8	13	12	0	0	9		20					
4274	1969	8	13	15	270	10	1		20					
4274	1969	8	14	12	0	0	9		10					
4274	1969	8	14	15	0	0	8		10					
4274	1969	8	16	12	360	10	6		90					
4274	1969	8	18	12	220	26	9		10					
4274	1969	8	18	15	220	26	9		10					
4274	1969	8	19	12	220	26	8		40					
4274	1969	8	19	15	220	26	8		40					
4274	1969	8	20	12	220	10	8		70					
4274	1969	8	20	15	220	10	8		70					
4274	1969	8	21	12	220	10	8		80					
4274	1969	8	21	15	220	10	8		80					
4274	1969	8	22	12	0	0	8		60					
4274	1969	8	22	15	0	0	8		60					
4274	1969	8	23	12	220	26	9		40					
4274	1969	8	25	12	220	26	8		40					
4274	1969	8	25	15	220	26	9		40					
4274	1969	8	26	12	220	26	9		40					
4274	1969	8	26	15	220	26	9		40					
4274	1969	8	27	12			8		40					
4274	1969	8	28	12	360	10	8		20					
4274	1969	8	28	15	360	10	8		20					
4274	1969	8	29	12	360	26	0		30					
4274	1969	8	29	15	270	10	0		30					
4274	1969	8	30	12	220	10	6		20					
4274	1969	9	1	12	220	26	9		10					
4274	1969	9	1	15	220	26	9		10					
4274	1969	9	2	12	220	46	9		60					
4274	1969	9	2	15	220	26	9		60					
4274	1969	9	3	12	220	26	9		20					
4274	1969	9	3	15	220	10	9		20					
4274	1969	9	4	12	360	10	8		20					
4274	1969	9	4	15	360	26	8		20					
4274	1969	9	5	12	0	0	0		20					
4274	1969	9	5	15	0	0	0		20					
4274	1969	9	6	12	0	0	2		20					
4274	1969	9	8	12	360	26	1		20					
4274	1969	9	8	15	360	46	1		20					
4274	1969	9	9	12	360	26	0		40					
4274	1969	9	9	15	360	10	0		40					
4274	1969	9	10	12	360	10	2		10					
4274	1969	9	10	15	360	10	2		10					
4274	1969	9	11	12	220	26	8		40					
4274	1969	9	11	15	220	26	8		40					
4274	1969	9	12	12	220	26	9		20					
4274	1969	9	12	15	0	0	9		20					
4274	1969	9	13	12	220	46	8		20					
4274	1969	9	15	12	360	10	8		20					
4274	1969	9	15	15	360	10	8		20					
4274	1969	9	16	12	0	0	9		-10					
4274	1969	9	16	15	0	0	8		-10					
4274	1969	9	17	12	220	26	9		-10					
4274	1969	9	17	15	220	26	9		-10					
4274	1969	9	18	12	270	26	9		0					
4274	1969	9	18	15	0	0	8		0					
4274	1969	9	19	12	360	98	3		0					
4274	1969	9	19	15	360	98	1		0					
4274	1969	9	20	12	360	10	0		-10					
4274	1969	9	20	15	360	10	0		-10					
4274	1969	9	22	12	0	0	8		10					
4274	1969	9	22	15	0	0	5		10					
4274	1969	9	23	12	360	67	0		0					
4274	1969	9	23	15	360	67	0		0					
4274	1969	9	24	12	360	46	0		-20					
4274	1969	9	24	15	360	46	0		-20					
4274	1969	9	25	12	360	46	0		-20					
4274	1969	9	25	15	360	46	0		-20					
4274	1969	9	26	12	360	46	0		10					
4274	1969	9	26	15	360	46	0		10					
4274	1969	9	27	12	0	0	0		-20					
4274	1969	9	27	15	220	10	0		-20					
4274	1969	9	29	12	0	0	8		-20					
4274	1969	9	29	15	220	26	8		-20					
4274	1969	9	30	12	40	67	8		20					
4274	1969	9	30	15	40	98	8		20					
4274	1969	10	1	12	0	0	8		20					
4274	1969	10	1	15	300	10	8		20					
4274	1969	10	2	12	0	0	9		20					
4274	1969	10	2	15	0	0	9		20					
4274	1969	10	3	12	220	10	8		-10					
4274	1969	10	3	15	0	0	8		-10					
4274	1969	10	4	12	0	0	6		-20					
4274	1969	10	4	15	0	0	4		-20					
4274	1969	10	6	12	0	0	2		-40					
4274	1969	10	6	15	0	0	2		-40					
4274	1969	10	7	12	0	0	0		-60					
4274	1969	10	7	15	360	10	0		-60					
4274	1969	10	8	12	220	26	8		-20					
4274	1969	10	8	15	220	26	8		-20					
4274	1969	10	9	12	0	0	8		20					
4274	1969	10	9	15	0	0	8		20					
4274	1969	10	10	12	0	0	8		20					
4274	1969	10	10	15	0	0	8		20					
4274	1969	10	11	12	360	10	0		20					
4274	1969	10	11	15	360	10	0		20					
4274	1969	10	13	12	0	0	8		20					
4274	1969	10	13	15	0	0	8		20					
4274	1969	10	14	12	0	0	8		20					
4274	1969	10	14	15	0	0	2		10					
4274	1969	10	15	12	220	26	8		-20					
4274	1969	10	15	15	220	26	8		-20					
4274	1969	10	16	12	360	26	8		0					
4274	1969	10	16	15	0	0	8		0					
4274	1969	10	17	12	0	0	0		-10					
4274	1969	10	17	15	360	10	1		-10					
4274	1969	10	18	12	220	10	8		-10					
4274	1969	10	18	15	220	10	8		-10					
4274	1969	10	20	12	140	46	8		50					
4274	1969	10	20	15	140	67	8		50					
4274	1969	10	21	12	360	26	8		10					
4274	1969	10	21	15	360	10	8		10					
4274	1969	10	22	12	0	0	8		0					
4274	1969	10	22	15	0	0	8		0					
4274	1969	10	23	12	360	46	8		0					
4274	1969	10	23	15	360	46	8		0					
4274	1969	10	24	12	360	26	8		-40					
4274	1969	10	24	15	360	46	8		-40					
4274	1969	10	25	12	360	67	8		-10					
4274	1969	10	25	15	360	67	6		-10					
4274	1969	10	27	12	360	46	6		-20					
4274	1969	10	27	15	360	98	4		-20					
4274	1969	10	28	12	40	98	9		-30					
4274	1969	10	28	15	40	154	9		-30					
4274	1969	10	29	12	270	26	8		-10					
4274	1969	10	29	15	270	26	8		-10					
4274	1969	10	30	12	40	46	8		-40					
4274	1969	10	30	15	40	26	6		-40					
4274	1969	10	31	12	270	26	8		-10					
4274	1969	10	31	15	270	26	8		-10					
4274	1969	11	1	12	0	0	0		-110					
4274	1969	11	1	15	0	0	0		-110					
4274	1969	11	3	12	40	46	4		-70					
4274	1969	11	3	15	40	46	3		-70					
4274	1969	11	7	12	0	0	3		-50					
4274	1969	11	19	12	0	0	4		-40					
4274	1969	11	19	15	360	46	0		-40					
4274	1969	11	20	12	0	0	8		-50					
4274	1969	11	20	15	40	26	8		-50					
4274	1969	11	21	12	40	26	8		-20					
4274	1969	11	21	15	40	26	8		-20					
4274	1969	11	22	12	220	46	8		0					
4274	1969	11	25	12	0	0	8		-60					
4274	1969	11	25	15	0	0	8		-60					
4274	1969	11	26	12	40	26	8		0					
4274	1969	11	26	15	40	26	8		-20					
4274	1969	11	27	12	40	26	8		-20					
4274	1969	11	27	15	40	26	8		-20					
4274	1969	11	28	12	220	154	8		-20					
4274	1969	11	28	15	220	154	8		-20					
4274	1969	11	29	12	220	98	8		-10					
4274	1969	12	1	12	40	67	9		0					
4274	1969	12	1	15	40	67	9		0					
4274	1969	12	2	12	0	0	9		0					
4274	1969	12	2	15	0	0	9		0					
4274	1969	12	3	12	0	0	8		-40					
4274	1969	12	3	15	0	0	8		-40					
4274	1969	12	4	12	220	46	8		-10					
4274	1969	12	4	15	220	46	8		-10					
4274	1969	12	5	12	220	46	8		40					
4274	1969	12	5	15	220	46	8		40					
4274	1969	12	6	12	220	26	8		10					
4274	1969	12	6	15	220	26	8		10					
4274	1969	12	8	12	360	10	0		-60					
4274	1969	12	8	15	360	98	8		-60					
4274	1969	12	9	12	360	67	4		-110					
4274	1969	12	9	15	360	46	4		-110					
4274	1969	12	10	12	40	26	8		-70					
4274	1969	12	10	15	40	26	8		-70					
4274	1969	12	11	12	0	0	9		-20					
4274	1969	12	11	15	0	0	8		-20					
4274	1969	12	12	12	360	98	8		-90					
4274	1969	12	12	15	0	0	8		-90					
4274	1969	12	13	12	0	0	8		-70					
4274	1969	12	13	15	0	0	9		-70					
4274	1969	12	15	12	0	0	0		-110					
4274	1969	12	15	15	0	0	8		-110					
4274	1969	12	16	12	0	0	0		-120					
4274	1969	12	16	15	0	0	0		-120					
4274	1969	12	17	12	0	0	4		-120					
4274	1969	12	17	15	0	0	4		-120					
4274	1969	12	18	15	360	67	4		-70					
4274	1969	12	20	12	0	0	0		-90					
4274	1969	12	22	12	0	0	9		-50					
4274	1969	12	22	15	0	0	8		-50					
4274	1969	12	23	12	360	26	4		-20					
4274	1969	12	23	15	360	46	4		-20					
4274	1969	12	27	12	360	67	0		-90					
4274	1969	12	27	15	360	98	3		-90					
4274	1969	12	29	12	40	26	8		-70					
4274	1969	12	29	15	40	26	9		-70					
4274	1969	12	30	12	40	67	8		0					
4274	1969	12	30	15	40	67	8		0					
