stat_no	year	month	day	hour	dd	ff	n	pppp	ttt	txtxtx	tntntn	rh	rrr6	sss
4352	1980	6	18	9	50	10		10028	20			100		
4352	1980	6	18	12	300	10		10025	30			100		
4352	1980	6	18	18	60	20		10016	50			93		
4352	1980	6	18	21	60	40		10037	40			93		
4352	1980	6	19	0	310	40		10050	40			100		
4352	1980	6	19	9	260	30		10069	40			100		
4352	1980	6	19	12	280	10		10072	30			100		
4352	1980	6	19	18	200	30		10067	60			75		
4352	1980	6	19	21	50	30		10081	30			100		
4352	1980	6	20	0	50	50		10103	20			100		
4352	1980	6	20	9	340	30		10143	40			100		
4352	1980	6	21	12	100	10		10209	40			100		
4352	1980	6	21	18	50	30		10228	70			49		
4352	1980	6	22	0	100	10		10231	30			60		
4352	1980	6	22	12	340	10		10245	40			60		
4352	1980	6	22	15	300	20		10246	40			60		
4352	1980	6	22	21	290	20		10238	50			65		
4352	1980	6	23	6	50	10		10233	0			93		
4352	1980	6	23	9	290	10		10225	20			87		
4352	1980	6	23	12	110	10		10225	30			87		
4352	1980	6	25	0	300	20		10218	20			87		
4352	1980	6	25	9	220	10		10198	30			81		
4352	1980	6	25	12	330	10		10194	40			81		
4352	1980	6	25	18	230	20		10182	20			100		
4352	1980	6	25	21	240	10		10177	30			93		
4352	1980	6	26	0	230	10		10174	-10			100		
4352	1980	6	26	3	160	10		10173	-20			100		
4352	1980	6	26	21	20	40		10167	0			100		
4352	1980	6	27	0	40	20		10168	-10			100		
4352	1980	6	27	3	70	20		10164	-30			100		
4352	1980	6	27	9	80	10		10159	0			93		
4352	1980	6	27	12	50	10		10159	20			80		
4352	1980	6	27	21	310	10		10154	-10			100		
4352	1980	6	28	0	40	10		10152	-10			100		
4352	1980	6	28	12	20	20		10158	40			75		
4352	1980	6	28	18	60	30		10169	30			87		
4352	1980	6	28	21	50	40		10169	30			81		
4352	1980	6	29	0	50	50		10171	20			93		
4352	1980	6	29	9	100	10		10170	30			81		
4352	1980	6	29	12	30	10		10175	40			81		
4352	1980	6	29	18	260	10		10187	30			87		
4352	1980	6	29	21	270	20		10199	30			87		
4352	1980	6	30	0	220	10		10197	40			87		
4352	1980	6	30	6	360	10		10205	10			100		
4352	1980	6	30	21	200	10		10204	40			81		
4352	1980	7	1	0	170	20		10192	60			65		
4352	1980	7	1	6	70	10		10177	30			87		
4352	1980	7	2	0	50	70		10143	50			100		
4352	1980	7	2	6	360	70		10133	80			93		
4352	1980	7	2	9	50	40		10133	40			100		
4352	1980	7	2	12	50	40		10133	50			100		
4352	1980	7	2	15	50	80		10133	60			100		
4352	1980	7	3	9	50	70		10142	40			100		
4352	1980	7	3	12	50	70		10142	40			100		
4352	1980	7	3	18	250	10		10153	30			93		
4352	1980	7	4	0	50	40		10162	50			75		
4352	1980	7	4	9	300	30		10167	40			93		
4352	1980	7	4	12	40	60		10177	30			100		
4352	1980	7	4	15	60	30		10189	50			93		
4352	1980	7	4	18	20	40		10190	60			93		
4352	1980	7	4	21	320	30		10187	60			100		
4352	1980	7	5	0	340	10		10185	50			100		
4352	1980	7	5	9	60	10		10184	30			100		
4352	1980	7	5	12	130	30		10186	40			100		
4352	1980	7	5	15	130	30		10186	40			100		
4352	1980	7	5	18	350	20		10186	30			100		
4352	1980	7	6	0	60	50		10189	40			100		
4352	1980	7	6	9	60	10		10204	40			100		
4352	1980	7	6	12	320	10		10211	70			93		
4352	1980	7	6	15	20	10		10221	40			100		
4352	1980	7	6	18	40	20		10224	40			100		
4352	1980	7	6	21	170	20		10233	40			100		
4352	1980	7	7	0	10	10		10236	40			100		
4352	1980	7	7	18	320	10		10235	40			87		
4352	1980	7	7	21	90	10		10236	40			81		
4352	1980	7	8	18	50	20		10264	30			93		
4352	1980	7	8	21	290	10		10269	20			100		
4352	1980	7	9	0	60	20		10269	20			100		
4352	1980	7	9	18	310	10		10245	30			87		
4352	1980	7	9	21	290	10		10238	20			93		
4352	1980	7	10	0	260	10		10221	10			100		
4352	1980	7	11	0	310	10		10165	30			87		
4352	1980	7	11	6	190	10		10169	20			100		
4352	1980	7	11	12	340	20		10177	30			93		
4352	1980	7	11	18	80	10		10191	40			87		
4352	1980	7	11	21	50	20		10197	30			93		
4352	1980	7	12	0	60	20		10204	20			93		
4352	1980	7	12	6	350	10		10203	10			100		
4352	1980	7	12	9	260	10		10203	20			93		
4352	1980	7	12	12	220	10		10204	20			93		
4352	1980	7	12	15	210	10		10204	40			81		
4352	1980	7	12	18	150	10		10206	30			87		
4352	1980	7	12	21	50	10		10208	30			87		
4352	1980	7	13	9	40	10		10215	0			100		
4352	1980	7	13	12	70	10		10223	0			100		
4352	1980	7	13	15	70	20		10227	0			100		
4352	1980	7	13	18	170	10		10227	0			100		
4352	1980	7	13	21	210	10		10227	-10					
4352	1980	7	14	0	260	10		10223	-20			100		
4352	1980	7	14	9	230	20		10198	-30			100		
4352	1980	7	14	12	230	20		10188	-20			100		
4352	1980	7	14	15	220	20		10176	-20			100		
4352	1980	7	14	18	200	10		10161	-10			100		
4352	1980	7	14	21	90	10		10152	-10			100		
4352	1980	7	15	9	20	10		10132	10			93		
4352	1980	7	15	15	340	30		10138	20			87		
4352	1980	7	15	18	190	40		10140	20			93		
4352	1980	7	15	21	20	40		10143	30			87		
4352	1980	7	16	0	290	10		10149	10			100		
4352	1980	7	16	6	60	10		10149	20			93		
4352	1980	7	16	9	270	10		10147	20			100		
4352	1980	7	16	12	320	20		10147	40			93		
4352	1980	7	16	15	310	20		10145	40			93		
4352	1980	7	16	21	180	10		10145	20			100		
4352	1980	7	17	9	270	20		10144	-10			100		
4352	1980	7	17	21	190	10		10150	0			100		
4352	1980	7	18	0	240	10		10156	-10			100		
4352	1980	7	18	9	270	10		10171	-10			100		
4352	1980	7	18	12	240	10		10179	0			100		
4352	1980	7	18	15	200	10		10186	30			87		
4352	1980	7	18	18	80	20		10193	0			100		
4352	1980	7	18	21	90	30		10196	0			100		
4352	1980	7	19	0	290	20		10193	0			100		
4352	1980	7	19	3	270	10		10181	-20			100		
4352	1980	7	19	12	250	30		10135	-20			100		
4352	1980	7	19	15	250	30		10117	-10			100		
4352	1980	7	19	18	240	20		10100	-10			100		
4352	1980	7	19	21	150	10		10095	-10			100		
4352	1980	7	20	0	90	20		10097	-20			100		
4352	1980	7	20	6	90	10		10121				100		
4352	1980	7	20	9	40	30		10130	10			86		
4352	1980	7	20	15	120	20		10149	20			87		
4352	1980	7	20	18	80	20		10150	30			81		
4352	1980	7	21	0	70	30		10163	-20			100		
4352	1980	7	21	18	90	10		10137	20			87		
4352	1980	7	22	0	290	30		10132	0			100		
4352	1980	7	22	6	250	10		10098	-10			100		
4352	1980	7	22	9	260	20		10083	0			100		
4352	1980	7	22	12	250	10		10073	0			100		
4352	1980	7	22	15	250	10		10059	20			93		
4352	1980	7	22	18	90	20		10057	20			93		
4352	1980	7	22	21	70	60		10059	-10			100		
4352	1980	7	23	9	310	20		10067	20			87		
4352	1980	7	23	12	350	10		10077	30			87		
4352	1980	7	23	15	40	10		10086	40			93		
4352	1980	7	23	18	320	30		10089	30			100		
4352	1980	7	23	21	310	30		10101	20			100		
4352	1980	7	24	9	300	20		10118	30			93		
4352	1980	7	24	15	250	20		10103	30			93		
4352	1980	7	24	18	170	10		10099	50			75		
4352	1980	7	25	0	110	10		10101	30			87		
4352	1980	7	25	12	270	20		10111	30			87		
4352	1980	7	25	18	240	20		10111	20			93		
4352	1980	7	25	21	200	10		10118	40			87		
4352	1980	7	26	0	80	10		10125	20			93		
4352	1980	7	26	18	270	20		10162	30			87		
4352	1980	7	26	21	250	10		10167	20			93		
4352	1980	7	27	0	180	10		10169	20			93		
4352	1980	7	27	9	120	10		10171	10			100		
4352	1980	7	27	12	110	10		10171	20			93		
4352	1980	7	27	15	150	10		10174	30			87		
4352	1980	7	27	18	110	20		10171	20			93		
4352	1980	7	27	21	40	20		10171	10			100		
4352	1980	7	28	0	260	10		10178	0			100		
4352	1980	7	28	12	110	10		10193	20			93		
4352	1980	7	28	15	210	10		10197	40			81		
4352	1980	7	28	21	230	10		10191	30			93		
4352	1980	7	29	0	260	20		10184	20			93		
4352	1980	7	29	3	50	10		10188	20			93		
4352	1980	7	29	15	240	10		10206	20			93		
4352	1980	7	29	18	270	10		10216	30			87		
4352	1980	7	29	21	270	10		10231	30			87		
4352	1980	7	30	0	110	10		10242	0			100		
4352	1980	7	30	6	300	10		10245	-10			100		
4352	1980	7	30	12	160	10		10252	20			93		
4352	1980	7	30	15	270	10		10252	20			93		
4352	1980	7	30	18	140	10		10252	30			87		
4352	1980	7	30	21	300	10		10257	30			93		
4352	1980	7	31	0	290	10		10262	20			100		
4352	1980	7	31	9	100	10		10243	30			87		
4352	1980	7	31	12	210	10		10243	30			87		
4352	1980	7	31	15	190	10		10230	30			87		
4352	1980	7	31	18	290	10		10223	40			87		
4352	1980	7	31	21	300	20		10212	70			81		
4352	1980	8	1	9	30	20		10187	40			93		
4352	1980	8	1	12	60	10		10187	50			100		
4352	1980	8	1	21	50	30		10184	50			100		
4352	1980	8	2	0	340	10		10189	60			100		
4352	1980	8	2	6	320	20		10182	80			93		
4352	1980	8	2	12	320	20		10190	80			87		
4352	1980	8	2	15	320	40		10185	80			76		
4352	1980	8	2	18	260	30		10172	70			76		
4352	1980	8	2	21	260	10		10167	60			87		
4352	1980	8	3	0	260	10		10164	40			93		
4352	1980	8	3	9	290	40		10189	70			70		
4352	1980	8	3	12	50	30		10199	90			66		
4352	1980	8	3	18	350	10		10207	60			87		
4352	1980	8	3	21	320	20		10212	60			81		
4352	1980	8	4	0	320	20		10212	60			81		
4352	1980	8	4	6	340	40		10219	40			100		
4352	1980	8	4	12	170	20		10233	40			93		
4352	1980	8	4	15	340	40		10234	60			70		
4352	1980	8	4	21	340	40		10240	50			75		
4352	1980	8	5	0	340	30		10243	50			70		
4352	1980	8	5	12	90	30		10240	40			81		
4352	1980	8	5	18	10	10		10218	50			81		
4352	1980	8	5	21	50	10		10213	30			93		
4352	1980	8	6	0	50	30		10213	40			81		
4352	1980	8	6	12	20	40		10204	50			65		
4352	1980	8	6	15	310	40		10209	50			70		
4352	1980	8	6	21	350	30		10219	40			81		
4352	1980	8	7	0	260	20		10215	20			93		
4352	1980	8	7	6	340	20		10204	60			93		
4352	1980	8	7	15	320	30		10211	60			87		
4352	1980	8	7	18	230	10		10203	40			93		
4352	1980	8	7	21	250	10		10189	30			100		
4352	1980	8	8	0	340	20		10174	10			100		
4352	1980	8	8	9	110	10		10128	0			100		
4352	1980	8	8	12	190	10		10118	20			87		
4352	1980	8	8	15	170	10		10111	30			87		
4352	1980	8	8	18	200	10		10106	40			81		
4352	1980	8	8	21	250	10		10099	30			93		
4352	1980	8	9	0	70	10		10094	10			100		
4352	1980	8	9	6	300	10		10074	-10			100		
4352	1980	8	9	12	120	10		10072	30			81		
4352	1980	8	9	18	90	80		10100	10			100		
4352	1980	8	9	21	40	80		10113	30			87		
4352	1980	8	10	9	290	10		10049	30			87		
4352	1980	8	10	12	120	10		10050	30			87		
4352	1980	8	10	15	140	10		10054	20			93		
4352	1980	8	10	18	50	10		10060	30			87		
4352	1980	8	10	21	320	20		10077	40			81		
4352	1980	8	11	0	40	30		10089	40			75		
4352	1980	8	11	9	310	30		10098	30			81		
4352	1980	8	11	12	250	20		10094	20			80		
4352	1980	8	11	15	260	10		10094	30			81		
4352	1980	8	11	18	230	10		10094	30			81		
4352	1980	8	11	21	230	10		10094	30			81		
4352	1980	8	12	0	40	10		10100	10			100		
4352	1980	8	12	9	100	10		10112	-10			100		
4352	1980	8	12	12	240	10		10117	-10			100		
4352	1980	8	12	18	220	10		10122	10			86		
4352	1980	8	12	21	210	10		10122	0			100		
4352	1980	8	13	0	250	10		10120	-20			100		
4352	1980	8	13	9	220	10		10105	-20			100		
4352	1980	8	13	12	280	10		10100	0			100		
4352	1980	8	13	15	260	10		10096	10			93		
4352	1980	8	13	18	260	20		10095	0			100		
4352	1980	8	13	21	230	30		10086	10			93		
4352	1980	8	14	0	160	20		10086	0			100		
4352	1980	8	14	9	90	10		10076	30			75		
4352	1980	8	14	12	50	10		10077	40			65		
4352	1980	8	14	15	100	10		10074	50			65		
4352	1980	8	14	18	250	10		10070	40			65		
4352	1980	8	14	21	290	10		10067	30			75		
4352	1980	8	15	0	310	20		10062	40			65		
4352	1980	8	15	6	30	10		10056	10			86		
4352	1980	8	15	15	50	30		10052	40			93		
4352	1980	8	15	21	40	50		10057	40			93		
4352	1980	8	16	0	20	40		10065	30			100		
4352	1980	8	16	6	310	10		10079	20			87		
4352	1980	8	16	9	60	30		10091	30			100		
4352	1980	8	16	15	360	30		10116	50			87		
4352	1980	8	16	18	260	10		10121	40			81		
4352	1980	8	16	21	300	10		10130	40			81		
4352	1980	8	17	0	290	10		10137	10			93		
4352	1980	8	17	6	320	10		10147	0			100		
4352	1980	8	17	12	160	20		10162	30			81		
4352	1980	8	17	15	200	10		10170	30			81		
4352	1980	8	17	18	240	10		10177	30			87		
4352	1980	8	17	21	260	10		10182	30			81		
4352	1980	8	18	6	300	10		10201	20			60		
4352	1980	8	18	12	40	10		10204	40			70		
4352	1980	8	18	15	250	10		10193	20			87		
4352	1980	8	18	18	250	10		10174	30			75		
4352	1980	8	18	21	250	20		10159	30			75		
4352	1980	8	19	6	340	20		10086	20			69		
4352	1980	8	19	12	60	10		10063	60			52		
4352	1980	8	19	21	300	10		10048	40			70		
4352	1980	8	20	0	90	10		10061	20			80		
4352	1980	8	20	9	300	10		10094	50			56		
4352	1980	8	20	12	310	10		10113	60			56		
4352	1980	8	20	18	290	20		10136	40			75		
4352	1980	8	20	21	130	10		10150	40			75		
4352	1980	8	21	0	60	10		10167	20			87		
4352	1980	8	21	6	320	30		10194	40			75		
4352	1980	8	21	15	290	20		10204	40			81		
4352	1980	8	21	18	180	20		10196	40			81		
4352	1980	8	22	0	270	10		10191	10			100		
4352	1980	8	22	12	50	70		10224	50			81		
4352	1980	8	22	15	40	70		10236	60			75		
4352	1980	8	22	21	50	60		10246	50			87		
4352	1980	8	23	0	60	30		10250	40			87		
4352	1980	8	23	3	50	70		10253	20			100		
4352	1980	8	23	9	40	40		10256	60			70		
4352	1980	8	23	12	50	50		10265	80			46		
4352	1980	8	23	15	310	20		10270	60			61		
4352	1980	8	23	18	310	10		10268	80			57		
4352	1980	8	23	21	310	20		10256	60			65		
4352	1980	8	24	0	290	10		10245	20			87		
4352	1980	8	24	9	80	10		10213	20			93		
4352	1980	8	24	12	70	10		10219	50			75		
4352	1980	8	24	15	190	10		10225	30			87		
4352	1980	8	24	18	260	10		10223	30			93		
4352	1980	8	24	21	230	10		10230	30			93		
4352	1980	8	25	3	290	20		10233	20			93		
4352	1980	8	25	12	310	10		10219	40			70		
4352	1980	8	25	15	240	10		10223	30			81		
4352	1980	8	25	18	310	20		10217	70			53		
4352	1980	8	25	21	280	20		10216	50			70		
4352	1980	8	26	0	240	10		10214	30			81		
4352	1980	8	26	6	80	10		10196	20			80		
4352	1980	8	26	15	270	10		10187	40			70		
4352	1980	8	26	18	250	10		10179	40			81		
4352	1980	8	26	21	220	10		10174	40			81		
4352	1980	8	27	0	230	10		10174	10			93		
4352	1980	8	27	6	310	10		10162	10			100		
4352	1980	8	27	12	50	10		10160	20			93		
4352	1980	8	27	15	80	10		10162	30			87		
4352	1980	8	27	18	40	10		10157	40			81		
4352	1980	8	27	21	280	10		10155	20			93		
4352	1980	8	28	6	260	10		10154	0			100		
4352	1980	8	28	12	310	10		10159	30			81		
4352	1980	8	28	15	40	20		10163	70			57		
4352	1980	8	28	18	60	30		10167	60			65		
4352	1980	8	29	12	260	10		10167	40			75		
4352	1980	8	29	15	70	10		10167	60			70		
4352	1980	8	29	21	300	20		10162	60			65		
4352	1980	8	30	18	320	20		10167	70			53		
4352	1980	8	30	21	50	30		10162	70			57		
4352	1980	8	31	0	30	40		10162	60			93		
4352	1980	8	31	6	50	40		10154	20			100		
4352	1980	8	31	12	350	10		10130	40			65		
4352	1980	8	31	15	310	20		10118	30			75		
4352	1980	8	31	18	30	30		10114	60			87		
4352	1980	8	31	21	330	40		10109	40			100		
4352	1980	9	1	0	290	30		10103	30			100		
4352	1980	9	1	12	310	20		10052	40			93		
4352	1980	9	1	18	310	20		10047	40			100		
4352	1980	9	2	0	340	10		10052	40			100		
4352	1980	9	2	6	300	10		10059	40			100		
4352	1980	9	2	12	310	20		10072	40			93		
4352	1980	9	2	15	270	20		10075	40			100		
4352	1980	9	2	21	280	20		10074	40			93		
4352	1980	9	3	0	300	20		10071	30			93		
4352	1980	9	3	15	350	10		10084	60			65		
4352	1980	9	3	18	330	10		10092	50			70		
4352	1980	9	3	21	50	10		10109	40			81		
4352	1980	9	4	18	320	10		10152	40			81		
4352	1980	9	4	21	360	20		10151	60			65		
4352	1980	9	5	0	60	20		10157	40			81		
4352	1980	9	5	6	200	30		10152	30			75		
4352	1980	9	5	9	310	30		10148	30			75		
4352	1980	9	5	12	270	10		10147	30			81		
4352	1980	9	5	15	290	10		10141	50			70		
4352	1980	9	5	18	270	10		10133	40			75		
4352	1980	9	5	21	300	20		10123	40			75		
4352	1980	9	6	0	320	20		10118	30			70		
4352	1980	9	6	9	130	20		10103	20			75		
4352	1980	9	6	18	280	20		10094	30			70		
4352	1980	9	6	21	260	20		10088	20			80		
4352	1980	9	7	0	290	10		10088	0			86		
4352	1980	9	7	9	310	30		10108	30			60		
4352	1980	9	7	12	340	20		10121	50			48		
4352	1980	9	7	18	110	10		10131	30			70		
4352	1980	9	7	21	300	30		10131	40					
4352	1980	9	8	0	270	20		10132	20			69		
4352	1980	9	8	6	20	10		10125	0			93		
4352	1980	9	8	9	340	10		10123	30			60		
4352	1980	9	8	15	290	20		10125	40			52		
4352	1980	9	8	21	250	20		10111	20			75		
4352	1980	9	9	0	220	20		10108	0			93		
4352	1980	9	9	21	300	10		10066	20			93		
4352	1980	9	10	0	300	10		10067	0			93		
4352	1980	9	10	3	70	10		10069	0			86		
4352	1980	9	10	12	300	20		10081	20			64		
4352	1980	9	10	18	320	20		10064	40			65		
4352	1980	9	11	0	50	20		10059	20			93		
4352	1980	9	11	6	30	50		10079	20			93		
4352	1980	9	11	9	280	10		10096	10			100		
4352	1980	9	11	12	260	10		10113	10			93		
4352	1980	9	11	15	260	10		10120	20			87		
4352	1980	9	11	21	280	10		10122	10			93		
4352	1980	9	12	0	270	10		10125	0			93		
4352	1980	9	12	6	310	20		10115	0			69		
4352	1980	9	12	9	320	30		10115	10			75		
4352	1980	9	12	12	260	30		10115	10			69		
4352	1980	9	12	15	30	10		10116	30			75		
4352	1980	9	12	18	310	10		10120	30			56		
4352	1980	9	12	21	350	10		10122	10			80		
4352	1980	9	13	0	110	10		10127	0			86		
4352	1980	9	13	9	270	10		10128	0			80		
4352	1980	9	13	12	260	10		10147	20			69		
4352	1980	9	13	15	270	10		10157	30			70		
4352	1980	9	13	18	320	20		10162	40			52		
4352	1980	9	13	21	300	10		10167	30			52		
4352	1980	9	14	9	220	10		10142	-10			100		
4352	1980	9	14	12	340	310		10145						
4352	1980	9	14	15	220	20		10110	-10			100		
4352	1980	9	14	18	270	30		10090	-20			100		
4352	1980	9	14	21	330	20		10079	-10			93		
4352	1980	9	15	0	320	10		10076	-10			93		
4352	1980	9	15	9	70	120		10159	10			100		
4352	1980	9	15	12	50	110		10186	0			93		
4352	1980	9	15	21	40	40		10203	-10			100		
4352	1980	9	16	0	340	30		10196	-10			86		
4352	1980	9	16	12	290	30		10164	-10			69		
4352	1980	9	16	18	310	100		10157	0			64		
4352	1980	9	16	21	70	10		10169	0			64		
4352	1980	9	17	0	90	10		10184	0			80		
4352	1980	9	17	12	320	20		10217	0			59		
4352	1980	9	17	15	290	10		10223	10			64		
4352	1980	9	17	18	320	20		10223	0			55		
4352	1980	9	17	21	270	10		10223	-10			74		
4352	1980	9	18	0	300	10		10223	-20			69		
4352	1980	9	18	9	300	30		10229	-20			69		
4352	1980	9	18	18	250	10		10234	-10			80		
4352	1980	9	19	0	180	20		10210	0			86		
4352	1980	9	19	9	260	20		10154	-20			86		
4352	1980	9	19	12	270	20		10134	0			74		
4352	1980	9	19	15	260	20		10117	0			74		
4352	1980	9	19	18	250	20		10093	-10			74		
4352	1980	9	19	21	320	20		10086	-10			86		
4352	1980	9	20	0	90	10		10068	-10			100		
4352	1980	9	20	9	300	10		10029	-10			93		
4352	1980	9	20	12	310	20		10027	0			86		
4352	1980	9	20	18	60	150		10028						
4352	1980	9	20	21	10	20		10037	30			44		
4352	1980	9	21	0	20	20		10052	30			48		
4352	1980	9	21	6	40	20		10081	0			59		
4352	1980	9	21	9	340	50		10096	0			59		
4352	1980	9	21	15	40	20		10115	0			59		
4352	1980	9	21	18	320	20		10116	10			55		
4352	1980	9	22	0	60	40		10130	20			93		
4352	1980	9	22	12	80	70		10140	0			100		
4352	1980	9	22	15	50	40		10149	0			100		
4352	1980	9	22	18	280	30		10140	0			100		
4352	1980	9	23	0	330	30		10123	0			100		
4352	1980	9	23	9	320	30		10101	10			100		
4352	1980	9	23	18	320	20		10098	30			100		
4352	1980	9	23	21	50	10		10093	20			100		
4352	1980	9	24	0	350	20		10092	40			100		
4352	1980	9	24	6	20	10		10077	20			100		
4352	1980	9	24	15	340	30		10069	40			100		
4352	1980	9	24	18	320	10		10065	40			93		
4352	1980	9	24	21	330	20		10065	30			93		
4352	1980	9	25	0	290	20		10049	30			100		
4352	1980	9	25	12	100	50		10076	10			100		
4352	1980	9	26	0	40	30		10082	40			70		
4352	1980	9	26	18	250	10		9947	10			93		
4352	1980	9	26	21	50	50		9954	20			80		
4352	1980	9	27	0	70	70		9954	20			87		
4352	1980	9	27	6	50	10		9957	10			93		
4352	1980	9	27	12	290	10		9961	0			93		
4352	1980	9	27	18	300	20		9959	10			86		
4352	1980	9	27	21	240	20		9964	0			100		
4352	1980	9	28	0	270	20		9966	-20			100		
4352	1980	9	28	9	70	10		9973	0			80		
4352	1980	9	28	12	50	60		9971	10			86		
4352	1980	9	28	15	50	50		9966	0			100		
4352	1980	9	28	18	270	20		9957	0			93		
4352	1980	9	29	0	50	60		9944	0			100		
4352	1980	9	29	12	60	50		9964	0			100		
4352	1980	9	30	21	10	50		10022	0			80		
4352	1980	10	1	0	20	20		10028	0			80		
4352	1980	10	1	9	60	40		10063	-10			100		
4352	1980	10	1	15	40	40		10086	-10			100		
4352	1980	10	1	18	40	60		10090	-10			93		
4352	1980	10	1	21	60	90		10091	-20			100		
4352	1980	10	2	0	40	40		10096	-10			86		
4352	1980	10	2	18	350	90		9951	-10			74		
4352	1980	10	2	21	340	100		9919	-10			86		
4352	1980	10	3	0	360	80		9910	-10			93		
4352	1980	10	3	12	20	80		9888	30			56		
4352	1980	10	3	18	340	30		9938	40			52		
4352	1980	10	3	21	50	10		9966	30			52		
4352	1980	10	4	0	320	30		9984	30			56		
4352	1980	10	4	6	340	30		10006	20			60		
4352	1980	10	4	9	200	20		10020	20			75		
4352	1980	10	4	12	310	20		10023	10			93		
4352	1980	10	4	15	260	20		10023	10			80		
4352	1980	10	4	18	260	20		10027	0			100		
4352	1980	10	5	0	340	10		10035	-10			74		
4352	1980	10	5	12	20	20		10037	-10			74		
4352	1980	10	5	15	40	80		10042	-10			59		
4352	1980	10	6	0	40	60		10090	-30			93		
4352	1980	10	6	6	340	60		10097	-30			58		
4352	1980	10	6	12	360	60		10083	-20			50		
4352	1980	10	6	18	350	50		10105	-20			46		
4352	1980	10	6	21	340	70		10120	-40			54		
4352	1980	10	7	0	340	50		10129	-40			49		
4352	1980	10	7	15	290	30		10176	-30			46		
4352	1980	10	7	18	310	40		10184	-30			46		
4352	1980	10	8	0	320	30		10205	-40			63		
4352	1980	10	8	9	330	30		10210	-50			58		
4352	1980	10	8	12	340	40		10210	-40			54		
4352	1980	10	8	15	310	40		10205	-30			54		
4352	1980	10	8	21	300	40		10198	-40			58		
4352	1980	10	9	0	360	20		10196	-40			46		
4352	1980	10	9	6	320	60		10198	-50			53		
4352	1980	10	9	12	20	20		10206	-40			58		
4352	1980	10	9	15	350	10		10210	-30			50		
4352	1980	10	9	18	20	10		10213	-30			54		
4352	1980	10	9	21	320	60		10225	-50			53		
4352	1980	10	10	0	320	70		10239	-50			53		
4352	1980	10	10	9	340	50		10278	-60			53		
4352	1980	10	10	12	340	30		10290	-50			53		
4352	1980	10	10	15	310	40		10296	-50			49		
4352	1980	10	10	21	310	50		10303	-60			53		
4352	1980	10	11	0	320	60		10307	-60			49		
4352	1980	10	11	12	320	20		10293	-60			58		
4352	1980	10	12	0	80	10		10259	-40			63		
4352	1980	10	12	12	340	40		10239	-30			58		
4352	1980	10	12	18	20	30		10215	-20			59		
4352	1980	10	12	21	20	30		10211	0			59		
4352	1980	10	13	0	300	10		10199	-10			74		
4352	1980	10	13	9	180	10		10176	-20			93		
4352	1980	10	13	12	20	10		10198	-20			80		
4352	1980	10	13	15	320	20		10228	-10			74		
4352	1980	10	13	21	60	20		10294	-10			80		
4352	1980	10	14	0	320	30		10313	-10			80		
4352	1980	10	14	18	180	30		10404	-20			86		
4352	1980	10	15	0	70	30		10411	-40			100		
4352	1980	10	15	12	160	10		10404	-20			86		
4352	1980	10	15	15	60	20		10396	-20			93		
4352	1980	10	15	18	50	20		10382	-20			86		
4352	1980	10	16	6	260	40		10233	-30			86		
4352	1980	10	16	12	60	100		10265	-10			74		
4352	1980	10	16	15	60	80		10308	0			80		
4352	1980	10	16	21	330	30		10342	-20			80		
4352	1980	10	17	9	320	30		10330	-40			68		
4352	1980	10	17	12	330	20		10325	-30			68		
4352	1980	10	17	15	300	20		10316	-20			69		
4352	1980	10	17	21	310	20		10281	-40			80		
4352	1980	10	18	0	270	40		10264	-40			74		
4352	1980	10	18	9	10	10		10193	-50			73		
4352	1980	10	18	12	60	60		10213	-20			74		
4352	1980	10	18	18	40	60		10245	-20			86		
4352	1980	10	18	21	60	10		10271						
4352	1980	10	19	0	310	30		10267	-40			80		
4352	1980	10	19	9	310	30		10232	-40			68		
4352	1980	10	19	12	220	30								
4352	1980	10	19	15	300	20		10218	-20			63		
4352	1980	10	19	18	310	20		10218	-20			63		
4352	1980	10	19	21	310	10		10234	-40			74		
4352	1980	10	20	0	310	20		10239	-40			80		
4352	1980	10	20	9	270	20		10232	-40			80		
4352	1980	10	20	12	160	10		10235	-20			74		
4352	1980	10	20	15	210	20		10245	-30			93		
4352	1980	10	20	21	290	20		10242	-50			86		
4352	1980	10	21	9	340	40		10261	-30			74		
4352	1980	10	21	12	320	40		10261	-30			68		
4352	1980	10	21	18	40	10		10220	-30			74		
4352	1980	10	21	21	90	70		10208	-20			86		
4352	1980	10	22	0	60	30		10208	-20			86		
4352	1980	10	22	6	50	10		10195	-40			93		
4352	1980	10	22	12	310	30		10193	-40			86		
4352	1980	10	22	15	330	50		10195	-40			86		
4352	1980	10	22	18	320	40		10200	-40			86		
4352	1980	10	23	0	360	30		10220	-20			74		
4352	1980	10	23	6	350	30		10208	-20			74		
4352	1980	10	23	12	70	40		10239	-30			86		
4352	1980	10	23	15	90	60		10237	-30			80		
4352	1980	10	23	18	100	70		10232	-30			80		
4352	1980	10	23	21	110	60		10234	-40			80		
4352	1980	10	24	0	40	20		10227	-40			93		
4352	1980	10	24	6	340	20		10190	-50			86		
4352	1980	10	24	12	300	30		10180	-50			73		
4352	1980	10	24	15	320	30		10173	-50			73		
4352	1980	10	24	21	340	40		10169	-50			73		
4352	1980	10	25	0	340	40		10169	-50			73		
4352	1980	10	25	9	70	50		10200	-50			86		
4352	1980	10	25	12	60	60		10222	-50			86		
4352	1980	10	26	0	50	20		10222	-50			79		
4352	1980	10	26	12	350	30		10186	-50			73		
4352	1980	10	26	15	340	30		10175	-60			68		
4352	1980	10	26	18	310	30		10161	-50			58		
4352	1980	10	26	21	40	20		10154	-50			68		
4352	1980	10	27	6	290	10		10137	-40			63		
4352	1980	10	27	12	360	30		10140	-40			54		
4352	1980	10	27	18	40	30		10135	-20			50		
4352	1980	10	28	0	50	10		10154	-30			86		
4352	1980	10	28	9	90	30		10167	-30			93		
4352	1980	10	28	15	340	30		10176	-30			74		
4352	1980	10	28	21	320	70		10161	-50			58		
4352	1980	10	29	3	50	20		10171	-50			63		
4352	1980	10	29	18	250	10		10039	-30			68		
4352	1980	10	29	21	340	20		10013	-30			100		
4352	1980	10	30	0	340	60		9968	-20			93		
4352	1980	10	30	18	40	50		9906	-10			93		
4352	1980	10	30	21	30	40		9901	-10			86		
4352	1980	10	31	9	20	90		9752	10			86		
4352	1980	10	31	12	80	50		9744	0			93		
4352	1980	10	31	15	320	30		9725	0			100		
4352	1980	10	31	18	120	30		9712	-10			100		
4352	1980	10	31	21	110	400		9700	-10			100		
4352	1980	11	1	0	100	10		9700	-10			100		
4352	1980	11	1	6	60	180		9759	-40			93		
4352	1980	11	1	12	50	130		9853	-40			100		
4352	1980	11	1	18	70	120		9902	-30			86		
4352	1980	11	1	21	70	60		9924	-30			93		
4352	1980	11	2	0	70	40		9932	-30			100		
4352	1980	11	2	9	290	110		9986	-40			100		
4352	1980	11	2	12	290	20		10013	-40			100		
4352	1980	11	2	15	50	20		10040	-30			80		
4352	1980	11	2	18	280	20		10068	-40			93		
4352	1980	11	2	21	50	10		10090	-50			79		
4352	1980	11	3	0	340	40		10110	-60			79		
4352	1980	11	3	3	280	20		10129	-50			68		
4352	1980	11	3	9	110	10		10127	-40			80		
4352	1980	11	3	12	360	40		10103	-10			59		
4352	1980	11	3	15	30	60		10088	-30			86		
4352	1980	11	3	18	60	190		10011	0			93		
4352	1980	11	3	21	70	210		10011	0			93		
4352	1980	11	4	0	90	140		10050	-10			100		
4352	1980	11	4	9	90	60		10154	-10			100		
4352	1980	11	4	12	90	20		10177	0			93		
4352	1980	11	4	21	70	10		10225	-10			100		
4352	1980	11	5	0	70	10		10233	-20			100		
4352	1980	11	5	12	70	10		10260	-10			100		
4352	1980	11	5	15	60	20		10272	0			93		
4352	1980	11	5	18	60	50		10280	0			100		
4352	1980	11	6	0	50	110		10292	30			87		
4352	1980	11	6	6	50	140		10253	30			87		
4352	1980	11	6	12	70	100		10243	20			93		
4352	1980	11	6	15	70	90		10238	10			93		
4352	1980	11	6	18	50	70		10236	10			93		
4352	1980	11	7	0	250	30		10262	-20			100		
4352	1980	11	7	9	260	10		10260	-20			93		
4352	1980	11	7	15	320	10		10272	-10			93		
4352	1980	11	7	18	60	120		10311	-20			86		
4352	1980	11	7	21	50	90		10345	-30			63		
4352	1980	11	8	0	60	50		10355	-40			68		
4352	1980	11	8	6	310	20		10325	-50			79		
4352	1980	11	8	12	290	30		10296	-40			93		
4352	1980	11	8	15	250	20		10279	-40			86		
4352	1980	11	8	21	230	10		10254	-30			80		
4352	1980	11	9	0	270	30		10254	-20			74		
4352	1980	11	9	6	360	80		10238	30			48		
4352	1980	11	9	9	360	50		10238	20			55		
4352	1980	11	9	12	220	10		10227	-10			69		
4352	1980	11	9	18	240	10		10204	-10			69		
4352	1980	11	9	21	310	20		10194	20			60		
4352	1980	11	10	0	340	30		10189	40			52		
4352	1980	11	10	9	360	100		10221	30			48		
4352	1980	11	10	12	10	80		10231	30			44		
4352	1980	11	10	15	340	40		10245	20			51		
4352	1980	11	10	18	320	40		10245	0			59		
4352	1980	11	10	21	90	20		10238	0			64		
4352	1980	11	11	0	100	10		10223	-20			80		
4352	1980	11	11	12	260	30		10110	-20			69		
4352	1980	11	11	15	350	40		10082	40			48		
4352	1980	11	11	18	320	70		10068	40			44		
4352	1980	11	11	21	330	100		10087	0			43		
4352	1980	11	12	0	60	70		10089	-20			50		
4352	1980	11	12	9	350	80		10135	-30			42		
4352	1980	11	12	12	360	70		10162	-40			46		
4352	1980	11	12	18	350	80		10217	-50			49		
4352	1980	11	12	21	350	70		10239	-60			49		
4352	1980	11	13	0	190	50		10247	-60			45		
4352	1980	11	13	12	320	30		10243	-80			57		
4352	1980	11	13	21	20	40		10224	-80			57		
4352	1980	11	14	9	50	40		10202	-90			57		
4352	1980	11	14	15	350	30		10185	-100			56		
4352	1980	11	14	21	320	20		10163	90			53		
4352	1980	11	15	0	310	30		10153	-120			72		
4352	1980	11	15	6	300	40		10131	-120			78		
4352	1980	11	15	9	320	30		10121	-120			72		
4352	1980	11	15	12	300	30		10114	-120			78		
4352	1980	11	15	18	280	30		10077	-110			66		
4352	1980	11	15	21	300	40		10057	-110			61		
4352	1980	11	16	6	270	30		10039	-90			67		
4352	1980	11	16	12	340	30		10075	-70			57		
4352	1980	11	16	21	10	70		10094	-80			85		
4352	1980	11	17	6	10	100		10095	-80			62		
4352	1980	11	17	12	350	110		10097	-80			44		
4352	1980	11	17	15	20	100		10097	-80			44		
4352	1980	11	17	18	360	60		10110	-80			44		
4352	1980	11	17	21	20	70		10114	-70			41		
4352	1980	11	18	0	290	30		10117	-70			48		
4352	1980	11	18	12	90	80		10170	-110			92		
4352	1980	11	18	15	70	70		10192	-130			92		
4352	1980	11	18	18	70	20		10197	-130			85		
4352	1980	11	18	21	20	10		10197	-130			85		
4352	1980	11	19	0	300	10		10187	-130			92		
4352	1980	11	19	12	70	50		10131	-120			100		
4352	1980	11	19	15	60	60		10130	-130			92		
4352	1980	11	19	18	60	30		10133	-130			92		
4352	1980	11	19	21	280	30		10145	-120			78		
4352	1980	11	20	0	80	10		10150	-100			56		
4352	1980	11	20	12	260	10		10174	-110			78		
4352	1980	11	20	21	70	90		10181	-140			85		
4352	1980	11	21	6	140	20		10174	-140			85		
4352	1980	11	21	18	250	30		10164	-130			78		
4352	1980	11	21	21	290	30		10136	-130			72		
4352	1980	11	22	0	320	30		10131	-120			66		
4352	1980	11	22	9	60	90		10160	-160			71		
4352	1980	11	22	15	50	20		10191	-170			71		
4352	1980	11	23	0	290	30		10229	-160			78		
4352	1980	11	23	9	70	40		10265	-170			92		
4352	1980	11	23	12	70	40		10275	-170			92		
4352	1980	11	23	18	20	20		10278	-170			92		
4352	1980	11	23	21	270	20		10277	-160			92		
4352	1980	11	24	9	260	20		10238	-150			71		
4352	1980	11	24	12	250	20		10228	-150			71		
4352	1980	11	24	15	270	20		10219	-150			71		
4352	1980	11	24	21	310	20		10192	-130			66		
4352	1980	11	25	9	270	20		10134	-130			92		
4352	1980	11	25	15	220	20		10121	-110			85		
4352	1980	11	26	0	80	10		10135	-160			100		
4352	1980	11	26	12	70	30		10152	-160			92		
4352	1980	11	26	21	340	10		10189	-160			92		
4352	1980	11	27	0	220	30		10194	-150			92		
4352	1980	11	27	12	90	20		10275	-140			92		
4352	1980	11	27	15	110	10		10292	-140			85		
4352	1980	11	27	21	40	20		10297	-150			85		
4352	1980	11	28	0	50	30		10290	-160			92		
4352	1980	11	28	9	60	40		10238	-150			92		
4352	1980	11	28	12	50	40		10204	-140			92		
4352	1980	11	29	0	50	80		10099	-110			92		
4352	1980	11	29	12	40	90		10058	-80			92		
4352	1980	11	29	15	350	30		10053	-90			100		
4352	1980	11	29	18	60	50		10051	-80			100		
4352	1980	11	29	21	320	10		10036	-80			100		
4352	1980	11	30	0	60	80		10016	-70			93		
4352	1980	11	30	9	60	70		9999	-60			93		
4352	1980	11	30	12	310	30		9977	-60			93		
4352	1980	11	30	21	250	50		9979	-80			92		
4352	1980	12	1	6	220	10		10094	-150			92		
4352	1980	12	1	12	260	20		10212	-130			85		
4352	1980	12	1	21	310	10		10347	-120			85		
4352	1980	12	2	0	40	50		10361	-110			78		
4352	1980	12	2	6	40	10		10369	-100			72		
4352	1980	12	2	9	310	10		10354	-100			79		
4352	1980	12	2	18	240	20		10290	-100			72		
4352	1980	12	3	18	60	60		10229	-80			79		
4352	1980	12	3	21	50	60		10204	-80			79		
4352	1980	12	4	6	250	50		10087	-110			92		
4352	1980	12	4	9	340	70		10080	-20			74		
4352	1980	12	4	18	90	70		10134	-40			74		
4352	1980	12	4	21	350	80		10151	-20			59		
4352	1980	12	5	0	350	100		10169	-30			58		
4352	1980	12	5	12	290	20		10300	-60			68		
4352	1980	12	5	18	30	10		10317	-90			79		
4352	1980	12	5	21	310	30		10315	-90			79		
4352	1980	12	6	0	80	10		10300	-70			73		
4352	1980	12	7	0	280	20		10097	-90			85		
4352	1980	12	7	9	50	150		10121	-80			57		
4352	1980	12	7	12	50	110		10143	-90			52		
4352	1980	12	7	18	50	90		10161	-110			56		
4352	1980	12	7	21	350	20		10167	-120			66		
4352	1980	12	8	0	70	90		10168	-120			72		
4352	1980	12	8	15	330	20		10177	-140			66		
4352	1980	12	9	0	320	40		10187	-160			60		
4352	1980	12	9	9	360	10		10201	-160			65		
4352	1980	12	9	15	320	20		10190	-160			71		
4352	1980	12	9	21	50	30		10165	-170			77		
4352	1980	12	10	0	330	20		10157						
4352	1980	12	10	9	140	60		10108	-150			78		
4352	1980	12	10	12	30	30		10101	-160			71		
4352	1980	12	10	15	330	40		10074	-150			71		
4352	1980	12	10	18	260	10		10059	-140			66		
4352	1980	12	10	21	340	40		10057	-140			60		
4352	1980	12	11	0	310	20		10060	-130			56		
4352	1980	12	11	9	340	40		10101	-120			56		
4352	1980	12	11	12	100	40		10124	-150			71		
4352	1980	12	11	18	320	40		10126	-160			78		
4352	1980	12	11	21	70	90		10128	-170			65		
4352	1980	12	12	9	50	60		10093	-170			77		
4352	1980	12	12	18	50	70		10116	-150			50		
4352	1980	12	13	0	60	30		10116	-190			70		
4352	1980	12	13	3	320	50		10101	-180			65		
4352	1980	12	13	15	330	50		10054	-170			71		
4352	1980	12	13	21	320	40		10052	-170			65		
4352	1980	12	14	0	70	60		10064	-190			70		
4352	1980	12	14	18	190	10		10098	-200			77		
4352	1980	12	14	21	360	10		10110	-210			84		
4352	1980	12	16	12	340	70		9867	-90			57		
4352	1980	12	16	15	340	70		9835	-80			73		
4352	1980	12	17	0	70	40		9784	-90			79		
4352	1980	12	17	9	60	30		9825	-90			57		
4352	1980	12	17	15	270	30		9915	-120			72		
4352	1980	12	17	18	70	10		9954	-110			85		
4352	1980	12	17	21	90	30		9999	-130			92		
4352	1980	12	18	0	60	40		10037	-140			85		
4352	1980	12	18	9	70	70		10101	-190			92		
4352	1980	12	19	9	310	30		10120	-200			64		
4352	1980	12	19	15	310	30		10118	-200			77		
4352	1980	12	19	21	290	10		10103	-230			91		
4352	1980	12	22	0	110	30		9943	-90			92		
4352	1980	12	22	18	70	30		9968	-200			64		
4352	1980	12	22	21	50	160		9969	-200			70		
4352	1980	12	23	0	310	50		9959	-200			77		
4352	1980	12	23	15	320	20		9933	-160			60		
4352	1980	12	23	18	340	40		9918	-150			55		
4352	1980	12	24	0	280	20		9920	-190			64		
4352	1980	12	24	12	230	10		9910	-130			66		
4352	1980	12	24	15	60	10		9917	-150			71		
4352	1980	12	24	18	50	10		9921	-110			72		
4352	1980	12	24	21	270	10		9937	-120			66		
4352	1980	12	25	12	300	20		9998	-160			78		
4352	1980	12	25	21	10	30		10050	-130			61		
4352	1980	12	26	15	50	20		10094	-130					
4352	1980	12	26	18	150	10		10067	-130			78		
4352	1980	12	26	21	50	40		10013	-120			100		
4352	1980	12	27	0	60	140		9886	-80			92		
4352	1980	12	27	9	120	100		9558	-60			93		
4352	1980	12	27	18	360	70		9607	-80			73		
4352	1980	12	28	0	330	140		9674	-100			92		
4352	1980	12	28	9	350	70		9681	-40					
4352	1980	12	28	15	170	40		9676	-130			78		
4352	1980	12	28	18	300	40		9659	-140			78		
4352	1980	12	28	21	40	30		9659	-130			66		
4352	1980	12	29	0	60	60		9683	-130			78		
4352	1980	12	29	9	310	30		9786	-110			61		
4352	1980	12	29	12	270	10		9830	-130			66		
4352	1980	12	29	15	290	30		9859	-130			66		
4352	1980	12	29	21	310	40		9884	-150			71		
4352	1980	12	30	0	240	10		9888	-160			78		
4352	1980	12	30	12	310	20		9847	-160			78		
4352	1980	12	30	18	300	20		9846	-170			65		
4352	1980	12	30	21	60	20		9844	-160			65		
4352	1980	12	31	0	330	30		9856	-140			66		
4352	1980	12	31	12	10	40		9954	-130			56		
4352	1980	12	31	18	330	390		10023	-150			65		
4352	1980	12	31	21	300	20		10060	-170			59		
4352	1981	1	1	0	40	10		10086	-170			71		
4352	1981	1	1	3	40	10		10113	-170			77		
4352	1981	1	1	9	50	20		10126	-160			65		
4352	1981	1	1	12	320	40		10136	-140			60		
4352	1981	1	1	15	80	10		10148	-140			66		
4352	1981	1	2	0	80	20		10180	-130			92		
4352	1981	1	2	6	50	30		10179	-150			71		
4352	1981	1	2	12	70	40		10182	-150			78		
4352	1981	1	2	15	350	20		10189	-170			71		
4352	1981	1	2	21	300	20		10228	-200			70		
4352	1981	1	3	0	270	20		10252	-200			70		
4352	1981	1	3	9	320	10		10296	-210			70		
4352	1981	1	3	12	340	40		10314	-170			54		
4352	1981	1	3	15	360	20		10334	-160			55		
4352	1981	1	3	18	320	70		10344	-160			55		
4352	1981	1	4	9	320	10		10356	-200			64		
4352	1981	1	4	12	310	10		10350	-200			70		
4352	1981	1	4	21	170	10		10282	-180			71		
4352	1981	1	5	0	310	30		10258	-180			71		
4352	1981	1	5	3	50	30		10228	-180			77		
4352	1981	1	5	15	290	30		10175	-180			65		
4352	1981	1	5	18	270	20		10165	-200			77		
4352	1981	1	5	21	290	10		10165	-210			77		
4352	1981	1	6	0	80	10		10157	-200			77		
4352	1981	1	6	12	60	120		10184	-160			78		
4352	1981	1	6	15	60	100		10194	-150			65		
4352	1981	1	6	18	50	60		10150	-150			85		
4352	1981	1	6	21	100	20		10108	-160			92		
4352	1981	1	7	0	340	40		10023	-130			100		
4352	1981	1	7	12	310	20		9960	-130			85		
4352	1981	1	7	15	240	60		9959	-150			92		
4352	1981	1	7	18	290	30		9949	-180			100		
4352	1981	1	7	21	290	30		9927	-210			92		
4352	1981	1	8	0	260	20		9907	-200			92		
4352	1981	1	8	12	10	110		9936	-80			52		
4352	1981	1	8	21	350	130		10035	-100			72		
4352	1981	1	9	0	110	110		10097	-80			67		
4352	1981	1	9	15	100	10		10310	-100			56		
4352	1981	1	9	18	150	10		10305	-130			78		
4352	1981	1	10	0	130	10		10278	-110			72		
4352	1981	1	10	6	120	180		10211	-130			85		
4352	1981	1	10	9	90	10		10167	-110			78		
4352	1981	1	10	12	60	30		10109	-100			85		
4352	1981	1	11	0	350	90		9945	-40			46		
4352	1981	1	11	12	340	260		10012	-60			53		
4352	1981	1	11	18	360	100		10109	-80			57		
4352	1981	1	11	21	340	120		10131	-80			52		
4352	1981	1	12	0	340	120		10161	-90			57		
4352	1981	1	12	9	10	110		10224	-90			48		
4352	1981	1	12	18	320	60		10168	-90			52		
4352	1981	1	12	21	260	20		10141	-100			72		
4352	1981	1	13	0	340	40		10107	-110			61		
4352	1981	1	13	12	60	10		9971	-130			66		
4352	1981	1	13	15	60	80		9962	-130			92		
4352	1981	1	14	0	300	40		9967	-160			65		
4352	1981	1	14	9	300	20		10047	-170			71		
4352	1981	1	14	15	240	20		10093	-190			77		
4352	1981	1	15	0	50	10		10096	-170			92		
4352	1981	1	15	9	70	10		10076	-190			92		
4352	1981	1	15	12	300	10		10074	-200			100		
4352	1981	1	15	21	360	10		10032	-200			92		
4352	1981	1	16	0	60	10		10018	-200			92		
4352	1981	1	16	9	290	10		9971	-170			92		
4352	1981	1	16	18	60	40		10008	-140			72		
4352	1981	1	16	21	70	20		10009	-140			85		
4352	1981	1	17	0	220	20		9999	-150			92		
4352	1981	1	17	9	270	40		9911	-140			85		
4352	1981	1	17	12	290	50		9876	-100			56		
4352	1981	1	17	15	180	60		9872	-110			92		
4352	1981	1	17	21	260	20		9899	-120			92		
4352	1981	1	18	0	190	110		9916	-130			85		
4352	1981	1	18	9	310	30		9961	-160			92		
4352	1981	1	18	18	40	20		9991	-160			71		
4352	1981	1	18	21	70	10		10013	-150			65		
4352	1981	1	19	0	50	50		10042	-160			65		
4352	1981	1	19	9	300	10		10116	-180			65		
4352	1981	1	19	12	290	30		10143	-180			65		
4352	1981	1	19	15	40	20		10150	-170			65		
4352	1981	1	19	18	40	10		10154	-210			77		
4352	1981	1	19	21	320	20		10150	-170			71		
4352	1981	1	20	0	240	10		10143	-170			71		
4352	1981	1	20	6	320	30		10130	-160			71		
4352	1981	1	20	9	350	30		10102	-140			51		
4352	1981	1	20	12	330	50		10079	-140			72		
4352	1981	1	20	15	80	40		10048	-130			72		
4352	1981	1	21	0	270	20		9998	-130			85		
4352	1981	1	21	12	100	10		9982	-90			92		
4352	1981	1	21	15	30	30		9982	-90			100		
4352	1981	1	21	18	320	30		9977	-90			85		
4352	1981	1	22	0	40	30		9972	-100			85		
4352	1981	1	22	9	10	70		9816	-60			86		
4352	1981	1	22	15	60	80		9830	-60			93		
4352	1981	1	22	21	200	20		9926	-80			100		
4352	1981	1	23	9	80	70		10047	-120			85		
4352	1981	1	23	18	80	50		10077	-150			78		
4352	1981	1	23	21	60	60		10106	-170			77		
4352	1981	1	24	0	40	20		10126	-170			71		
4352	1981	1	24	6	320	40		10142	-190			77		
4352	1981	1	24	12	310	20		10132	-200			77		
4352	1981	1	24	15	40	10		10118	-220			84		
4352	1981	1	24	18	270	20		10098	-250			100		
4352	1981	1	24	21	280	20		10093	-280			83		
4352	1981	1	25	18	320	10		10087	-170			84		
4352	1981	1	26	6	350	20		9925	-80			92		
4352	1981	1	26	12	260	10		9877	-100			100		
4352	1981	1	26	18	70	20		9825	-80			100		
4352	1981	1	26	21	90	70		9810	-70			73		
4352	1981	1	27	6	290	10		9857	-80			100		
4352	1981	1	27	12	310	40		9980	-100			100		
4352	1981	1	27	18	360	20		10007	-90			79		
4352	1981	1	27	21	80	30		10018	-130			92		
4352	1981	1	28	0	210	10		10026	-130			92		
4352	1981	1	28	12	160	10		10078	-250			91		
4352	1981	1	28	18	60	10		10110	-280			83		
4352	1981	1	28	21	310	20		10118	-220			92		
4352	1981	1	29	0	290	10		10120	-260			91		
4352	1981	1	29	18	280	10		10048	-270			46		
4352	1981	1	29	21	280	10		10025	-220			92		
4352	1981	1	30	12	290	30		9986	-160			65		
4352	1981	1	30	18	220	10		9993	-160			65		
4352	1981	1	30	21	40	70		9984	-60			41		
4352	1981	1	31	9	70	90		9993	-130			72		
4352	1981	1	31	12	90	20		10023	-120			72		
4352	1981	1	31	15	50	80		10045	-140			60		
4352	1981	1	31	18	40	50		10074	-150			50		
4352	1981	1	31	21	270	10		10096	-170			59		
4352	1981	2	1	0	310	40		10096	-160			60		
4352	1981	2	1	9	20	30		10019	-110			43		
4352	1981	2	1	15	310	40		9943	-110			43		
4352	1981	2	1	18	350	50		9910	-110			100		
4352	1981	2	1	21	40	140		9887	-90			100		
4352	1981	2	2	0	60	110		9913	-110			100		
4352	1981	2	2	12	110	30		9948	-110			100		
4352	1981	2	2	15	50	30		9967	-100			100		
4352	1981	2	2	18	200	10		9977	-130			100		
4352	1981	2	2	21	150	10		9981	-130			92		
4352	1981	2	3	0	260	20		9976	-130			92		
4352	1981	2	3	9	80	10		9967	-150			92		
4352	1981	2	3	12	40	40		9979	-170			92		
4352	1981	2	3	15	60	290		9991	-180			92		
4352	1981	2	3	18	70	80		10000	-210			92		
4352	1981	2	3	21	50	60		10012	-200			84		
4352	1981	2	4	0	50	70		10013	-200			84		
4352	1981	2	4	12	300	30		10005	-210			77		
4352	1981	2	4	15	280	20		9996	-220			92		
4352	1981	2	4	18	110	10		9976	-210			84		
4352	1981	2	4	21	230	20		9959	-230			84		
4352	1981	2	5	0	290	20		9936	-240			91		
4352	1981	2	5	9	60	120		9797	-180			71		
4352	1981	2	5	15	310	30		9778	-150			85		
4352	1981	2	5	21	150	30		9754	-150			92		
4352	1981	2	6	9	250	30		9771	-150			92		
4352	1981	2	6	12	270	10		9790	-180			92		
4352	1981	2	6	18	260	10		9834	-220			92		
4352	1981	2	7	0	100	10		9876	-220			92		
4352	1981	2	7	6	300	10		9903	-200			84		
4352	1981	2	7	9	110	10		9917	-220			84		
4352	1981	2	7	12	110	10		9927	-210			92		
4352	1981	2	7	15	350	20		9934	-170			84		
4352	1981	2	7	18	70	10		9940	-180			84		
4352	1981	2	8	0	260	10		9962	-170			84		
4352	1981	2	8	3	290	10		9972	-160			92		
4352	1981	2	8	9	290	20		9984	-190			92		
4352	1981	2	8	12	270	30		9993	-180			84		
4352	1981	2	8	15	270	40		9998	-190			77		
4352	1981	2	8	21	150	10		10017	-240			91		
4352	1981	2	9	0	200	10		10044	-250			91		
4352	1981	2	9	9	60	20		10110	-220			84		
4352	1981	2	9	12	180	90		10130	-140			66		
4352	1981	2	9	18	10	60		10170	-130			51		
4352	1981	2	9	21	280	10		10187	-220			53		
4352	1981	2	10	0	320	30		10194	-180			65		
4352	1981	2	10	9	320	100		10178	-130			56		
4352	1981	2	10	12	300	30		10180	-140			46		
4352	1981	2	10	15	340	50		10155	-140			60		
4352	1981	2	10	18	70	20		10136	-150			60		
4352	1981	2	10	21	40	40		10107	-120			51		
4352	1981	2	11	0	60	110		10068	-110			66		
4352	1981	2	13	12	50	100		10077	-90			92		
4352	1981	2	13	15	50	130		10045	-90			100		
4352	1981	2	13	18	80	110		10011	-90			92		
4352	1981	2	13	21	20	70		9967	-80			100		
4352	1981	2	14	6	70	180		9813	-90			92		
4352	1981	2	14	9	80	130		9820	-90			92		
4352	1981	2	14	15	60	120		9803	-90			92		
4352	1981	2	14	21	60	50		9796	-90			92		
4352	1981	2	15	3	70	100		9773	-90			85		
4352	1981	2	15	9	350	40		9764	-80			73		
4352	1981	2	15	15	60	20		9774	-120			92		
4352	1981	2	15	21	130	10		9790	-140			85		
4352	1981	2	16	0	320	30		9803	-150			78		
4352	1981	2	16	9	70	10		9852	-150			92		
4352	1981	2	16	15	340	30		9866	-120			85		
4352	1981	2	16	21	350	110		9785	-130			78		
4352	1981	2	17	0	330	130		9675	-120			85		
4352	1981	2	17	12	320	40		9720	-150			78		
4352	1981	2	17	18	350	90		9762	-100			92		
4352	1981	2	18	0	10	100		9786	-100			92		
4352	1981	2	18	6	180	100		9857	-140			85		
4352	1981	2	18	12	350	80		9971	-130			85		
4352	1981	2	18	18	280	40		10053	-140			55		
4352	1981	2	18	21	300	10		10087	-130			61		
4352	1981	2	19	0	310	40		9790	-130			32		
4352	1981	2	19	9	340	10		10118	-130			61		
4352	1981	2	19	12	40	20		10114	-120			61		
4352	1981	2	19	18	320	20		10072	-100			52		
4352	1981	2	20	0	360	110		10063	-90			62		
4352	1981	2	20	21	30	110		10166	-90			44		
4352	1981	2	21	0	330	40		10183	-110			56		
4352	1981	2	21	6	20	70		10194	-120			51		
4352	1981	2	21	12	240	20		10209	-100			56		
4352	1981	2	21	15	350	20		10216	-100			52		
4352	1981	2	21	18	60	100		10209	-130			85		
4352	1981	2	22	0	60	40		10187	-140			92		
4352	1981	2	22	6	320	190		10116	-150			85		
4352	1981	2	22	12	340	230		10033	-120			78		
4352	1981	2	22	15	10	140		10014	-130			66		
4352	1981	2	22	21	340	50		10026	-130			51		
4352	1981	2	23	0	320	30		10038	-130			56		
4352	1981	2	23	9	100	80		10030	-110			78		
4352	1981	2	23	21	360	100		10024	-80			92		
4352	1981	2	24	0	50	100		10033	-60			86		
4352	1981	2	24	9	30	60		10029	-50			93		
4352	1981	2	24	15	10	80		10041	-20			50		
4352	1981	2	24	21	350	90		10022	-40			58		
4352	1981	2	25	0	10	80		10007	-20			50		
4352	1981	2	25	6	10	90		9963	-20			59		
4352	1981	2	25	21	60	20		9982	-20			86		
4352	1981	2	26	0	270	10		10004	-20			74		
4352	1981	2	26	12	60	90		10087	-40			68		
4352	1981	2	26	15	320	30		10107	-40			80		
4352	1981	2	26	18	350	70		10090	-40			54		
4352	1981	2	27	0	320	30		10065	-40			49		
4352	1981	2	27	9	50	10		10077	-70			67		
4352	1981	2	27	12	220	30		10080	-50			79		
4352	1981	2	27	18	110	10		10097	-40			93		
4352	1981	2	27	21	110	20		10112	-30			93		
4352	1981	2	28	0	250	100		10124	-40			86		
4352	1981	2	28	12	60	40		10176	-60			93		
4352	1981	2	28	15	60	60		10193	-60			93		
4352	1981	2	28	18	20	10		10203	-60			93		
4352	1981	2	28	21	100	30		10224	-70			93		
4352	1981	3	1	0	50	50		10242	-80			100		
4352	1981	3	1	6	60	40		10247	-80			100		
4352	1981	3	1	15	50	40		10266	-120			78		
4352	1981	3	1	21	40	30		10278	-140			72		
4352	1981	3	2	0	60	50		10288	-150			85		
4352	1981	3	2	6	70	60		10299	-150			92		
4352	1981	3	2	9	80	40		10310	-150			85		
4352	1981	3	2	12	70	50		10319	-150			85		
4352	1981	3	2	15	70	60		10326	-160			84		
4352	1981	3	3	0	50	30		10363	-190			92		
4352	1981	3	3	6	60	110		10362	-230			84		
4352	1981	3	3	9	60	50		10362	-220			76		
4352	1981	3	3	12	60	20		10365	-200			77		
4352	1981	3	3	15	80	30		10355	-190			70		
4352	1981	3	3	18	60	70		10331	-210			70		
4352	1981	3	3	21	60	90		10323						
4352	1981	3	4	0	60	90		10328	-210			70		
4352	1981	3	4	6	40	10		10349	-140			72		
4352	1981	3	4	21	320	30		10380	-200			70		
4352	1981	3	5	6	300	40		10368	-200			70		
4352	1981	3	5	12	300	20		10346	-190			64		
4352	1981	3	5	18	60	80		10316	-200			70		
4352	1981	3	5	21	50	50		10328	-210			70		
4352	1981	3	6	0	340	30		10328	-190			64		
4352	1981	3	6	12	320	30		10321	-210			64		
4352	1981	3	6	15	310	30		10309	-200			70		
4352	1981	3	7	0	310	40		10281	-240			83		
4352	1981	3	7	9	300	20		10218	-220			70		
4352	1981	3	7	12	340	20		10480						
4352	1981	3	7	15	340	70		10194	-150			60		
4352	1981	3	7	18	350	80		10177	-130			56		
4352	1981	3	7	21	10	100		10175	-120			61		
4352	1981	3	8	0	350	80		10167	-110			56		
4352	1981	3	8	6	20	40		10157	-170			59		
4352	1981	3	9	0	330	20		10143	-200			64		
4352	1981	3	9	6	310	40		10118	-200			59		
4352	1981	3	9	12	70	10		10116	-220			84		
4352	1981	3	9	15	40	30		10108	-210			77		
4352	1981	3	9	21	60	10		10095	-230			76		
4352	1981	3	10	0	300	10		10090	-230			76		
4352	1981	3	10	12	350	40		10032	-160			55		
4352	1981	3	10	15	130	20		10016	-140			72		
4352	1981	3	11	0	10	80		9967	-60			68		
4352	1981	3	11	12	30	50		9872	-40			93		
4352	1981	3	12	0	60	210		9863	-40			100		
4352	1981	3	12	18	310	10		9977	-20			93		
4352	1981	3	12	21	250	30		9989	-40			100		
4352	1981	3	13	0	60	10		9997	-30			93		
4352	1981	3	13	6	260	10		10011	-40			100		
4352	1981	3	13	18	300	10		10036	-50			100		
4352	1981	3	13	21	260	10		10041	-50			100		
4352	1981	3	14	0	90	10		10046	-60			93		
4352	1981	3	14	6	60	10		10055	-180			84		
4352	1981	3	14	12	330	10		10080	-140			92		
4352	1981	3	15	0	350	10		10126	-150			85		
4352	1981	3	15	6	310	40		10136	-140			92		
4352	1981	3	15	15	220	10		10168	-120			85		
4352	1981	3	16	0	40	30		10243	-110			85		
4352	1981	3	16	6	50	30		10248	-120			85		
4352	1981	3	16	12	60	70		10224	-110			85		
4352	1981	3	16	15	50	30		10200	-100			85		
4352	1981	3	16	18	40	30		10177	-100			92		
4352	1981	3	16	21	50	40		10184	-130			92		
4352	1981	3	17	0	320	40		10219	-120			92		
4352	1981	3	17	6	290	10		10266	-120			92		
4352	1981	3	17	12	40	40		10299	-140			85		
4352	1981	3	17	15	40	10		10299	-130			85		
4352	1981	3	17	21	60	40		10329	-170			84		
4352	1981	3	18	0	210	10		10346	-210			92		
4352	1981	3	18	12	10	10		10375	-250			83		
4352	1981	3	18	18	250	10		10346	-200			92		
4352	1981	3	19	0	20	10		10328	-250			83		
4352	1981	3	20	21	40	10		10279	-200			77		
4352	1981	3	21	0	310	20		10272	-200			92		
4352	1981	3	21	6	260	10		10237	-260			91		
4352	1981	3	21	12	50	70		10230	-210			84		
4352	1981	3	21	18	20	10		10206	-190			84		
4352	1981	3	21	21	150	10		10187	-220			84		
4352	1981	3	22	0	270	30		10181	-220			84		
4352	1981	3	22	6	140	10		10161	-280			83		
4352	1981	3	22	15	40	20		10162	-200			84		
4352	1981	3	22	18	30	10		10162	-170			84		
4352	1981	3	22	21	220	30		10170	-160			78		
4352	1981	3	23	0	320	40		10174	-180			77		
4352	1981	3	23	12	350	50		10163	-130			61		
4352	1981	3	23	15	60	30		10155	-110			43		
4352	1981	3	23	21	320	30		10163	-140			51		
4352	1981	3	24	0	90	10		10167	-170			54		
4352	1981	3	24	6	50	50		10307	-200			84		
4352	1981	3	24	12	320	30		10194	-170			65		
4352	1981	3	24	15	310	20		10189	-150			60		
4352	1981	3	24	18	90	10		10184	-160			60		
4352	1981	3	24	21	300	10		10184	-180			65		
4352	1981	3	25	0	340	50		10182	-200			70		
4352	1981	3	25	6	330	50		10157	-200			59		
4352	1981	3	25	12	60	60		10147	-160			55		
4352	1981	3	25	15	340	20		10136	-150			55		
4352	1981	3	25	18	310	20		10121	-150			55		
4352	1981	3	25	21	360	50		10118	-140			46		
4352	1981	3	26	0	310	20		10114	-140			51		
4352	1981	3	26	6	50	40		10075	-140			46		
4352	1981	3	26	12	340	40		10065	-100			44		
4352	1981	3	26	18	70	80		10031	-90			85		
4352	1981	3	26	21	50	50		10031	-90			92		
4352	1981	3	27	0	340	30		10023	-90			85		
4352	1981	3	27	21	50	50		9990	-50			79		
4352	1981	3	28	0	330	40		9997	-40			80		
4352	1981	3	28	12	80	40		9953	-40			63		
4352	1981	3	28	15	40	20		9929	-40			68		
4352	1981	3	29	0	310	20		9887	-30			68		
4352	1981	3	29	18	60	50		9979	-50			93		
4352	1981	3	29	21	60	60		9996	-60			93		
4352	1981	3	30	0	20	20		10006	-60			93		
4352	1981	3	30	6	40	30		9984	-70			93		
4352	1981	3	30	12	200	10		9977	-70			93		
4352	1981	3	30	18	300	10		9973	-40			93		
4352	1981	3	31	0	110	10		9989	-40			100		
4352	1981	3	31	12	50	70		9977	-50			93		
4352	1981	3	31	21	310	20		9940	-90			85		
4352	1981	4	1	0	300	10		9943	-110			100		
4352	1981	4	1	15	60	280		9960	-20			93		
4352	1981	4	1	18	90	160		9961	-20			93		
4352	1981	4	1	21	90	140		9995	-30			93		
4352	1981	4	2	0	90	150		10019	-40			100		
4352	1981	4	2	12	50	90		10097	-40			100		
4352	1981	4	2	21	60	130		10053	-20			93		
4352	1981	4	3	0	50	180		10010	-10			93		
4352	1981	4	3	15	240	10		10037	10			75		
4352	1981	4	3	21	310	20		10076	-30			74		
4352	1981	4	4	0	340	70		10104	-50			79		
4352	1981	4	5	0	290	30		10114	-80			67		
4352	1981	4	5	6	250	10		10100	-60			62		
4352	1981	4	5	21	190	10		10002	-20			69		
4352	1981	4	6	0	300	10		9999	-30			68		
4352	1981	4	6	15	110	80		9912	0			93		
4352	1981	4	6	18	60	80		9907	-10			93		
4352	1981	4	7	0	60	120		9891	-50			93		
4352	1981	4	7	9	70	80		9894	-60			93		
4352	1981	4	7	18	40	60		9884	-50			93		
4352	1981	4	8	0	60	60		9891	-60			93		
4352	1981	4	8	6	60	80		9916	-70			93		
4352	1981	4	8	18	60	10		9931	-70			73		
4352	1981	4	8	21	340	40		9913	-110			78		
4352	1981	4	9	12	60	20		9868	-160			84		
4352	1981	4	9	21	10	10		9896	-140			78		
4352	1981	4	10	0	90	10		9923	-160			84		
4352	1981	4	10	12	20	20		10003	-110			66		
4352	1981	4	10	15	50	40		10009	-90			67		
4352	1981	4	10	18	330	10		10006	-60			58		
4352	1981	4	11	0	80	60		10011	-80			85		
4352	1981	4	11	12	70	10		10051	-70			73		
4352	1981	4	11	21	270	40		10095	-80			85		
4352	1981	4	12	9	120	10		10187	-100			79		
4352	1981	4	12	12	320	30		10202	-70			86		
4352	1981	4	12	15	40	40		10212	-80			85		
4352	1981	4	12	21	50	30		10195	-90			79		
4352	1981	4	13	0	50	80		10163	-90			92		
4352	1981	4	13	6	20	30		10094	-70			100		
4352	1981	4	13	15	80	70		10114	-50			100		
4352	1981	4	13	18	70	100		10136	-50			93		
4352	1981	4	14	6	150	30		10236	-90			67		
4352	1981	4	14	12	40	100		10264	-70			67		
4352	1981	4	15	12	70	110		10195	-20			93		
4352	1981	4	15	15	60	130		10168	-20			100		
4352	1981	4	16	0	90	140		10083	0			93		
4352	1981	4	16	21	280	10		10178	0			86		
4352	1981	4	17	0	330	20		10193	-10			93		
4352	1981	4	17	6	250	30		10224	-40			100		
4352	1981	4	17	15	160	20		10271	-10			86		
4352	1981	4	17	18	240	30		10279	-10			93		
4352	1981	4	17	21	170	10		10288	-10			93		
4352	1981	4	18	0	300	20		10303	-30			100		
4352	1981	4	18	6	50	40		10315	-20			93		
4352	1981	4	18	12	40	40		10310	0			86		
4352	1981	4	18	18	60	60		10279	0			100		
4352	1981	4	19	0	60	60		10237	0			100		
4352	1981	4	19	6	80	20		10196	10			93		
4352	1981	4	19	12	340	70		10298	10			47		
4352	1981	4	19	18	340	80		10338	10			47		
4352	1981	4	20	0	320	50		10370	-10			46		
4352	1981	4	20	6	310	30		10357	-30			58		
4352	1981	4	20	9	240	30		10357	-40			68		
4352	1981	4	20	12	260	20		10360	-20			63		
4352	1981	4	20	15	260	20		10360	0			69		
4352	1981	4	20	18	140	10		10360	10			69		
4352	1981	4	20	21	350	20		10379	10			69		
4352	1981	4	21	0	60	80		10386	-10			69		
4352	1981	4	21	9	60	50		10391	-40			93		
4352	1981	4	21	12	60	60		10386	-30			86		
4352	1981	4	21	18	60	50		10377	-20			80		
4352	1981	4	22	15	160	20		10394	-10			74		
4352	1981	4	22	21	110	20		10406	-20			69		
4352	1981	4	23	0	80	30		10406	-30			80		
4352	1981	4	23	12	250	10		10340	-60			93		
4352	1981	4	23	15	240	20		10334	-50			86		
4352	1981	4	23	21	250	20		10291	-50			93		
4352	1981	4	24	0	270	10		10269	-80			100		
4352	1981	4	24	6	170	30		10231	-100			100		
4352	1981	4	24	15	50	80		10273	-40			86		
4352	1981	4	24	21	50	50		10278	-30			74		
4352	1981	4	25	12	70	80		10222	-50			86		
4352	1981	4	25	21	90	70		10257	-40			80		
4352	1981	4	26	0	70	70		10278	-50			79		
4352	1981	4	26	12	70	60		10313	-80			85		
4352	1981	4	26	18	90	50		10286	-90			92		
4352	1981	4	26	21	60	50		10268	-90			92		
4352	1981	4	27	0	60	50		10242	-90			85		
4352	1981	4	27	12	50	50		10160	-90			92		
4352	1981	4	28	9	60	30		10177	-90			79		
4352	1981	4	28	12	330	30		10187	-80			79		
4352	1981	4	28	15	320	30		10193	-60			68		
4352	1981	4	29	21	300	20		10183	-90			79		
4352	1981	4	30	0	260	10		10182	-120			85		
4352	1981	4	30	6	310	10		10177	-160			92		
4352	1981	4	30	12	220	10		10180	-120			85		
4352	1981	4	30	18	200	10		10176	-60			68		
4352	1981	5	1	6	150	10		10167	-130			100		
4352	1981	5	1	18	60	40		10158	-40			68		
4352	1981	5	2	0	310	30		10144	-50			93		
4352	1981	5	2	6	60	80		10119	-60			73		
4352	1981	5	2	12	70	20		10104	-40			80		
4352	1981	5	2	15	60	40		10085	-40			93		
4352	1981	5	2	21	60	50		10073	-40			100		
4352	1981	5	3	0	50	40		10083	-40			100		
4352	1981	5	4	0	70	60		10166	-70			93		
4352	1981	5	4	6	310	30		10177	-90			92		
4352	1981	5	4	12	320	20		10195	-70			86		
4352	1981	5	4	15	310	40		10193	-50			79		
4352	1981	5	4	21	60	30		10188	-70			86		
4352	1981	5	5	0	310	20		10188	-80			85		
4352	1981	5	5	9	100	30		10188	-90			79		
4352	1981	5	5	15	40	40		10203	-40			63		
4352	1981	5	5	18	50	40		10207	-50			73		
4352	1981	5	5	21	340	30		10215	-50			73		
4352	1981	5	6	0	320	50		10222	-90			73		
4352	1981	5	6	12	60	10		10256	-80			73		
4352	1981	5	6	15	310	20		10257	-50			63		
4352	1981	5	6	21	270	20		10263	-60			68		
4352	1981	5	7	0	110	10		10264	-90			79		
4352	1981	5	7	18	240	20		10283	-60			68		
4352	1981	5	7	21	250	10		10286	-80			79		
4352	1981	5	8	0	300	20		10286	-100			85		
4352	1981	5	8	12	180	10		10278	-60			68		
4352	1981	5	8	18	250	20		10257	-50			68		
4352	1981	5	8	21	240	30		10249	-60			86		
4352	1981	5	9	0	120	10		10242	-60			93		
4352	1981	5	9	12	70	10		10163	-20			86		
4352	1981	5	9	15	60	10		10134	0			86		
4352	1981	5	9	21	50	40		10048	-10			100		
4352	1981	5	10	0	60	140		10010	0			100		
4352	1981	5	10	18	110	190		10010	0			47		
4352	1981	5	10	21	160	50		10014	-10			86		
4352	1981	5	11	0	140	20		10021	-30			86		
4352	1981	5	11	12	60	10		10049	-30			63		
4352	1981	5	11	15	190	20		10066	-20			63		
4352	1981	5	12	0	320	40		10114	-50			63		
4352	1981	5	12	15	50	30		10173	0			55		
4352	1981	5	13	0	50	60		10196	0			47		
4352	1981	5	13	18	320	20		10188	-10			93		
4352	1981	5	14	21	80	40		10147	-10			100		
4352	1981	5	15	6	310	100		10075	0			100		
4352	1981	5	15	12	40	30		10047	20			93		
4352	1981	5	15	15	60	110		10044	10			93		
4352	1981	5	16	0	70	90		10073	10			93		
4352	1981	5	16	6	50	70		10105	10			93		
4352	1981	5	16	12	300	20		10154	30			81		
4352	1981	5	16	15	240	20		10161	20			87		
4352	1981	5	16	18	260	50		10161	20			87		
4352	1981	5	17	0	190	10		10158	-10			93		
4352	1981	5	17	12	60	60		10159	-20			93		
4352	1981	5	17	18	40	100		10141	-10			93		
4352	1981	5	17	21	30	40		10127	-10			93		
4352	1981	5	18	12	60	50		10171	20			60		
4352	1981	5	18	18	110	30		10151	0			93		
4352	1981	5	18	21	260	10		10144	0			93		
4352	1981	5	19	0	160	20		10122	-10			100		
4352	1981	5	19	15	240	30		10076	10			86		
4352	1981	5	19	18	200	20		10073	20			80		
4352	1981	5	19	21	80	10		10071	0			86		
4352	1981	5	20	0	190	10		10071	-10			93		
4352	1981	5	21	0	350	10		10100	-20			86		
4352	1981	5	21	9	230	30		10095	-10			80		
4352	1981	5	21	15	220	20		10110	30			65		
4352	1981	5	22	0	60	100		10147	-10			86		
4352	1981	5	22	12	50	10		10154	40			52		
4352	1981	5	22	18	150	10		10137	30			70		
4352	1981	5	22	21	270	10		10132	50			52		
4352	1981	5	23	0	240	10		10125	10			59		
4352	1981	5	23	15	40	10		10095	30			75		
4352	1981	5	23	18	250	10		10091	30			81		
4352	1981	5	23	21	310	10		10081	30			75		
4352	1981	5	24	0	300	20		10076	-10			93		
4352	1981	5	24	12	90	30		10120	0			80		
4352	1981	5	24	15	40	40		10149	40			75		
4352	1981	5	24	21	60	40		10149	20			87		
4352	1981	5	25	0	310	30		10159	10			100		
4352	1981	5	26	0	340	30		10223	20			93		
4352	1981	5	26	12	270	50		10208	30			93		
4352	1981	5	26	21	40	30		10188	30			87		
4352	1981	5	27	0	50	50		10191	-10			100		
4352	1981	5	27	15	60	50		10215	-10			100		
4352	1981	5	27	21	60	30		10208	0			93		
4352	1981	5	28	12	270	20		10186	-20			100		
4352	1981	5	28	18	310	10		10186	0			86		
4352	1981	5	29	0	100	30		10190	-10			93		
4352	1981	5	29	6	80	20		10193	-30			100		
4352	1981	5	29	12	340	20		10201	-10			80		
4352	1981	5	29	15	60	10		10201	10			75		
4352	1981	5	30	0	110	10		10196	-20			80		
4352	1981	5	30	6	190	10		10190	-30			86		
4352	1981	5	30	9	260	10		10193	-20			80		
4352	1981	5	30	18	60	20		10215	0			74		
4352	1981	5	31	0	260	10		10222	-10			74		
4352	1981	5	31	6	170	10		10210	-20			80		
4352	1981	5	31	12	250	20		10210	-20			80		
4352	1981	5	31	18	290	20		10210	-10			80		
4352	1981	5	31	21	260	20		10208	-20			86		
4352	1981	6	1	0	240	20		10210	-30			93		
4352	1981	6	1	12	250	10		10217	-30			86		
4352	1981	6	1	18	250	10		10230	-10			80		
4352	1981	6	1	21	320	10		10230	0			74		
4352	1981	6	9	6	170	10		10131	-30			86		
4352	1981	6	9	18	270	10		10103	10			86		
4352	1981	6	9	21	100	10		10098	0			86		
4352	1981	6	10	6	90	20		10093	-30			93		
4352	1981	6	10	12	320	10		10105	-10			86		
4352	1981	6	10	15	40	10		10112	0			74		
4352	1981	6	10	18	260	10		10117	-10			86		
4352	1981	6	11	0	60	60		10125	0			86		
4352	1981	6	11	6	330	20		10115	0			93		
4352	1981	6	11	12	30	30		10113	20			87		
4352	1981	6	11	15	330	30			20			93		
4352	1981	6	12	0	60	40		10149	10			80		
4352	1981	6	12	6	350	60		10168	10			80		
4352	1981	6	12	15	340	40		10203	30			70		
4352	1981	6	13	0	360	10		10181	30			56		
4352	1981	6	13	6	90	20		10127	0			64		
4352	1981	6	13	12	340	20		10093	30			56		
4352	1981	6	13	18	340	50		10073	50			48		
4352	1981	6	13	21	60	40		10073	30			60		
4352	1981	6	14	0	50	130		10078	40			52		
4352	1981	6	15	0	320	40		10137	20			87		
4352	1981	6	15	9	270	20		10167	20			75		
4352	1981	6	15	15	290	20		10184	40			75		
4352	1981	6	15	18	280	20		10186	40			70		
4352	1981	6	16	0	270	10		10189	30			65		
4352	1981	6	16	9	100	10		10188	-10			93		
4352	1981	6	16	21	100	20		10174	0			93		
4352	1981	6	17	21	250	40		10125	-20			93		
4352	1981	6	18	18	240	10		10144	0			86		
4352	1981	6	18	21	210	10		10146	10			80		
4352	1981	6	19	0	40	20		10151	-20			93		
4352	1981	6	19	9	40	10		10169	0			86		
4352	1981	6	19	18	250	10		10186	20			80		
4352	1981	6	19	21	230	10		10186	20			87		
4352	1981	6	20	0	80	10		10181	0			93		
4352	1981	6	20	9	40	10		10166	10			93		
4352	1981	6	20	12	190	10		10154	30			81		
4352	1981	6	21	0	50	60		10105	10			86		
4352	1981	6	21	6	40	40		10064	20			80		
4352	1981	6	21	9	20	30		10052	30			93		
4352	1981	6	21	18	100	30		10022	20			100		
4352	1981	6	22	0	60	20		10034	30			93		
4352	1981	6	23	15	260	20		10184	10			100		
4352	1981	6	23	21	240	30		10198	-10			100		
4352	1981	6	24	9	240	10		10215	-10			100		
4352	1981	6	24	21	90	60		10291	20			75		
4352	1981	6	25	0	290	10		10308	10			86		
4352	1981	6	25	12	280	20		10291	20			87		
4352	1981	6	26	6	140	10		10203	0			100		
4352	1981	7	3	18	120	10		10059	30			81		
4352	1981	7	4	0	30	20		10059	20			87		
4352	1981	7	4	3	50	50		10058	-10			100		
4352	1981	7	4	9	250	20		10046	-10			100		
4352	1981	7	4	12	230	10		10047	20			80		
4352	1981	7	4	15	290	10		10049	60			65		
4352	1981	7	4	18	310	10		10187	40			75		
4352	1981	7	5	0	70	10		10051	20			80		
4352	1981	7	5	6	310	10		10039	-10			93		
4352	1981	7	5	9	240	50		10039	10			86		
4352	1981	7	5	15	110	10		10039	30			81		
4352	1981	7	5	18	60	30		10037	10			86		
4352	1981	7	5	21	90	20		10037	0			93		
4352	1981	7	6	0	250	10		10034	-20			100		
4352	1981	7	6	18	50	30		10030	30			75		
4352	1981	7	6	21	50	20		10036	20			87		
4352	1981	7	7	0	210	10		10039	10			86		
4352	1981	7	7	3	360	10		10044	-10			93		
4352	1981	7	7	12	240	10		10066	20			80		
4352	1981	7	7	15	210	10		10083	30			81		
4352	1981	7	8	0	50	40		10132	10			86		
4352	1981	7	8	12	320	30		10167	30			81		
4352	1981	7	9	0	90	10		10178	30			81		
4352	1981	7	9	6	230	10		10168	0			100		
4352	1981	7	9	9	220	10		10164	0			93		
4352	1981	7	9	18	230	20		10132	20			87		
4352	1981	7	9	21	220	10		10124	0			100		
4352	1981	7	10	0	40	10		10103	0			100		
4352	1981	7	10	6	90	20		10093	0			100		
4352	1981	7	10	12	50	60		10100	10			100		
4352	1981	7	10	18	60	60		10125	20			93		
4352	1981	7	10	21	320	30		10145	30			87		
4352	1981	7	11	0	60	50		10161	10			93		
4352	1981	7	11	12	280	10		10196	20			87		
4352	1981	7	11	21	10	40		10205	30			87		
4352	1981	7	12	0	320	10		10208	20			87		
4352	1981	7	12	9	30	20		10193	40			87		
4352	1981	7	12	12	280	10		10184	30			87		
4352	1981	7	13	3	90	20		10083	20			93		
4352	1981	7	13	9	190	10		10061	30			81		
4352	1981	7	13	15	100	10		10063	20			80		
4352	1981	7	13	18	190	10		10071	30			81		
4352	1981	7	14	0	70	10		10097	10			86		
4352	1981	7	14	6	300	30		10105	30			81		
4352	1981	7	14	18	340	50		10125	60			65		
4352	1981	7	15	0	20	10		10120	40			70		
4352	1981	7	15	12	290	20		10103	40			75		
4352	1981	7	15	15	280	20		10103	40			75		
4352	1981	7	15	18	170	10		10098	40			75		
4352	1981	7	16	0	260	10		10103	40			81		
4352	1981	7	16	9	360	10		10134	20			87		
4352	1981	7	16	15	250	20		10147	40			75		
4352	1981	7	16	18	260	20		10155	40			75		
4352	1981	7	17	0	190	10		10161	30			81		
4352	1981	7	17	3	310	10		10164	20			93		
4352	1981	7	17	6	120	10		10164	0			100		
4352	1981	7	17	12	200	30		10156	-10			100		
4352	1981	7	17	18	210	30		10141	-10			100		
4352	1981	7	18	0	280	20		10110	-10			100		
4352	1981	7	18	3	200	10		10088	-10			93		
4352	1981	7	18	9	220	10		10049	-10			93		
4352	1981	7	18	15	110	10		10015	20			87		
4352	1981	7	19	0	40	20		9999	-20			93		
4352	1981	7	19	6	360	10		10002	-20			93		
4352	1981	7	19	9	300	10		10007	-10			93		
4352	1981	7	19	12	260	10		10010	0			93		
4352	1981	7	20	15	270	20		10110	20			87		
4352	1981	7	20	18	260	20		10112	20			87		
4352	1981	7	20	21	220	10		10112	20			93		
4352	1981	7	22	0	80	10		10166	0			100		
4352	1981	7	22	3	60	10		10177						
4352	1981	7	22	9	290	10		10164	0			93		
4352	1981	7	22	12	220	10		10154	30			81		
4352	1981	7	22	18	200	10		10123	30			81		
4352	1981	7	22	21	240	10		10103	10			93		
4352	1981	7	23	3	190	20		10059	-10			100		
4352	1981	7	23	12	190	10		10022	30			81		
4352	1981	7	23	15	50	10		10017	30			87		
4352	1981	7	23	18	280	10		10003	60			70		
4352	1981	7	24	0	290	30		9990	30			81		
4352	1981	7	24	3	60	10		9988	10			93		
4352	1981	7	24	15	60	370		10003	30			100		
4352	1981	7	24	18	50	90		9990	40			93		
4352	1981	7	24	21	40	110		9976	50			93		
4352	1981	7	25	0	50	90		9970	30			100		
4352	1981	7	25	6	50	10		9939	40			100		
4352	1981	7	25	9	10	20		9919	40			100		
4352	1981	7	25	15	310	30		9900	60			100		
4352	1981	7	25	18	310	10		9892	60			100		
4352	1981	7	26	0	50	40		9909	30			100		
4352	1981	7	26	3	50	150		9929	30			100		
4352	1981	7	26	6	60	70		9946	20			100		
4352	1981	7	26	9	60	70		9966	20			100		
4352	1981	7	27	9	330	10		10029	30			93		
4352	1981	7	27	12	280	20		10036	20			93		
4352	1981	7	27	21	240	10		10063	40			81		
4352	1981	7	28	0	210	20		10075	-10			100		
4352	1981	7	28	9	130	10		10093	-10			93		
4352	1981	7	28	15	290	20		10105	0			93		
4352	1981	7	28	21	210	10		10078	20			87		
4352	1981	7	29	0	300	30		10064	0			93		
4352	1981	7	29	6	310	10		10042	0			93		
4352	1981	7	29	18	230	10		10095	10			93		
4352	1981	7	30	0	310	10		10120	0			93		
4352	1981	7	30	21	180	10		10174	50			81		
4352	1981	7	31	0	300	20		10161	20			93		
4352	1981	7	31	6	260	10		10139	20			80		
4352	1981	7	31	9	190	10		10135	20			80		
4352	1981	7	31	12	170	10		10134	30			81		
4352	1981	7	31	18	100	10		10132	30			81		
4352	1981	7	31	21	170	10		10132	0			93		
4352	1981	8	1	6	100	10		10119	-20			100		
4352	1981	8	1	12	220	10		10113	0			93		
4352	1981	8	1	15	210	10		10113	10			86		
4352	1981	8	1	21	200	10		10093	10			93		
4352	1981	8	2	12	50	30		10064	-10			93		
4352	1981	8	2	15	70	50		10058	10			86		
4352	1981	8	2	18	170	10		10047	20			75		
4352	1981	8	3	0	300	10		10037	0			93		
4352	1981	8	3	3	50	20		10024	0			93		
4352	1981	8	3	6	40	10		10019	0			93		
4352	1981	8	3	9	50	20		10020	40			75		
4352	1981	8	3	15	50	10		10025	70			61		
4352	1981	8	3	21	250	10		10029	70			57		
4352	1981	8	4	0	220	10		10030	60			61		
4352	1981	8	4	3	330	10		10035	60			61		
4352	1981	8	4	9	70	10		10049	40			70		
4352	1981	8	4	12	290	20		10059	40			87		
4352	1981	8	5	0	260	10		10090	10			93		
4352	1981	8	5	9	140	10		10093	0			93		
4352	1981	8	5	12	210	10		10096	20			80		
4352	1981	8	5	18	240	10		10103	30			87		
4352	1981	8	6	0	240	10		10108	10			100		
4352	1981	8	6	6	30	10		10107	0			100		
4352	1981	8	6	12	50	40		10107	10			100		
4352	1981	8	6	15	50	70		10112	10			100		
4352	1981	8	7	0	40	40		10117	10			100		
4352	1981	8	7	6	40	40		10110	30			93		
4352	1981	8	7	12	310	30		10098	40			93		
4352	1981	8	7	15	220	20		10090	40			93		
4352	1981	8	8	0	320	40		10066	50			75		
4352	1981	8	8	6	320	40		10052	40			81		
4352	1981	8	8	12	260	10		10041	20			87		
4352	1981	8	8	18	200	10		10020	40			81		
4352	1981	8	9	0	50	50		10032	20			93		
4352	1981	8	9	6	310	40		10044	30			93		
4352	1981	8	9	12	120	10		10044	20			100		
4352	1981	8	9	15	340	10		10044	30			100		
4352	1981	8	9	21	30	10		10044	40			100		
4352	1981	8	10	12	80	30		10017	30			93		
4352	1981	8	10	15	240	10		10007	30			93		
4352	1981	8	10	18	300	30		9997	40			87		
4352	1981	8	11	3	200	10		9956	10			93		
4352	1981	8	11	6	190	10		9953	10			93		
4352	1981	8	11	12	110	30		9968	30			75		
4352	1981	8	11	18	110	60		10002	40			87		
4352	1981	8	11	21	140	20		10015	30			93		
4352	1981	8	12	0	130	10		10027	20			93		
4352	1981	8	12	6	60	20		10046	10			100		
4352	1981	8	12	9	40	20		10059	20			100		
4352	1981	8	12	12	70	20		10076	30			87		
4352	1981	8	12	15	230	10		10090	40			81		
4352	1981	8	12	18	140	10		10096	40			81		
4352	1981	8	13	0	290	10		10105	20			100		
4352	1981	8	13	9	280	10		10093	0			93		
4352	1981	8	13	12	240	10		10098	10			93		
4352	1981	8	14	0	140	10		10090	10			93		
4352	1981	8	14	6	30	20		10097	0			93		
4352	1981	8	14	9	110	10		10097	10			93		
4352	1981	8	14	12	110	10		10098	20			87		
4352	1981	8	14	18	240	20		10098	30			81		
4352	1981	8	14	21	190	10		10095	40			81		
4352	1981	8	15	0	80	10		10098	10			93		
4352	1981	8	15	9	100	10		10100	20			87		
4352	1981	8	15	18	190	20		10098	30			87		
4352	1981	8	16	0	200	10		10095	-10			100		
4352	1981	8	16	9	90	50		10075	0			93		
4352	1981	8	16	15	60	60		10064	20			87		
4352	1981	8	16	18	60	20		10056	30			87		
4352	1981	8	16	21	30	20		10044	40			75		
4352	1981	8	17	0	340	10		10037	40			75		
4352	1981	8	17	12	280	20		10031	20			87		
4352	1981	8	18	0	10	30		10084	60			81		
4352	1981	8	18	6	290	10		10096	40			81		
4352	1981	8	18	15	220	10		10110	60			70		
4352	1981	8	18	21	270	20		10103	30			87		
4352	1981	8	19	6	60	10		10103	10			86		
4352	1981	8	19	12	170	10		10118	50			70		
4352	1981	8	30	9	30	20		10137	30			81		
4352	1981	8	30	15	40	30		10117	60			87		
4352	1981	8	30	18	50	40		10112	40			93		
4352	1981	8	30	21	60	110		10100	40			93		
4352	1981	8	31	9	280	20		10083	20			100		
4352	1981	8	31	18	230	20		10058	10			93		
4352	1981	8	31	21	290	30		10039	0			93		
4352	1981	9	1	0	220	20		10044	-10			100		
4352	1981	9	1	12	40	20		10032	20			64		
4352	1981	9	1	18	230	40		10054	30			70		
4352	1981	9	2	15	300	30		10228	30			70		
4352	1981	9	2	18	300	30		10228	30			70		
4352	1981	9	2	21	20	10		10171	30			60		
4352	1981	9	3	6	320	150		10081	70			31		
4352	1981	9	3	9	320	130		10073	70			33		
4352	1981	9	3	12	340	130		10073	60			36		
4352	1981	9	3	15	310	160		10062	50			35		
4352	1981	9	3	21	350	150		10106	40			41		
4352	1981	9	4	0	350	150		10106	40			41		
4352	1981	9	4	6	110	10		10134	20			51		
4352	1981	9	4	15	220	30		10127	20			75		
4352	1981	9	4	18	220	10		10113	30			70		
4352	1981	9	4	21	290	10		10107	20			75		
4352	1981	9	5	0	10	50		10096	30			44		
4352	1981	9	5	6	340	70		10096	20			47		
4352	1981	9	5	12	340	60		10108	20			44		
4352	1981	9	5	15	320	40		10118	40			48		
4352	1981	9	5	21	240	40		10120	10			75		
4352	1981	9	6	0	60	10		10119	0			86		
4352	1981	9	6	6	360	20		10108	0			80		
4352	1981	9	6	12	60	10		10107	10			75		
4352	1981	9	6	15	320	30		10113	30			65		
4352	1981	9	7	0	320	10		10107	0			86		
4352	1981	9	7	6	240	10		10102	0			69		
4352	1981	9	7	12	200	10		10112	40			56		
4352	1981	9	7	15	50	30		10134	40			56		
4352	1981	9	8	0	60	60		10122	20			75		
4352	1981	9	8	6	310	30		10115	0			74		
4352	1981	9	8	9	340	50		10113	20			55		
4352	1981	9	8	15	310	60		10120	20			69		
4352	1981	9	8	18	270	20		10105	30			70		
4352	1981	9	9	0	240	10		10107	30			65		
4352	1981	9	9	9	260	50		10137	20			75		
4352	1981	9	9	15	30	30		10159	70			45		
4352	1981	9	9	18	340	40		10162	70			49		
4352	1981	9	9	21	320	40		10177	50			56		
4352	1981	9	10	6	320	70		10183	40			48		
4352	1981	9	10	9	340	70		10198	40			48		
4352	1981	9	10	15	320	30		10226	70			42		
4352	1981	9	10	18	330	30		10226	60			52		
4352	1981	9	10	21	240	60		10235	10			80		
4352	1981	9	11	0	320	30		10233	40			60		
4352	1981	9	11	9	100	50		10216	40			52		
4352	1981	9	11	12	350	60		10196	80			42		
4352	1981	9	11	15	190	10		10176	60			52		
4352	1981	9	11	21	60	20		10164	60			56		
4352	1981	9	12	0	310	70		10157	70			76		
4352	1981	9	12	6	320	40		10161	40			93		
4352	1981	9	12	12	260	20		10191	40			100		
4352	1981	9	12	15	310	40		10188	40			100		
4352	1981	9	12	18	110	20		10174	40			93		
4352	1981	9	13	0	320	40		10174	60			87		
4352	1981	9	13	6	320	20		10176	40			93		
4352	1981	9	13	12	320	30		10179	40			93		
4352	1981	9	13	15	320	30		10169	60			87		
4352	1981	9	13	18	140	80		10159	70			81		
4352	1981	9	13	21	40	10		10147	40			93		
4352	1981	9	14	0	330	50		10149	40			93		
4352	1981	9	14	9	50	50		10147	50			93		
4352	1981	9	14	12	40	30		10166	40			93		
4352	1981	9	14	15	80	30		10162	70			81		
4352	1981	9	15	0	30	20		10167	30			100		
4352	1981	9	15	6	60	70		10161	20			93		
4352	1981	9	15	12	270	40		10154	20			93		
4352	1981	9	16	0	310	40		10132	20			93		
4352	1981	9	16	3	290	20		10125	30			100		
4352	1981	9	16	9	320	40		10123	30			93		
4352	1981	9	16	15	310	30		10118	50			87		
4352	1981	9	16	18	70	50		10115	30			93		
4352	1981	9	16	21	300	10		10125	40			93		
4352	1981	9	17	0	320	20		10125	40			93		
4352	1981	9	17	9	300	40		10110	20			100		
4352	1981	9	17	12	270	30		10098	30			87		
4352	1981	9	18	0	320	40		10087				70		
4352	1981	9	18	9	290	40		10090	40			70		
4352	1981	9	18	18	230	20		10066	20			93		
4352	1981	9	18	21	80	30		10068	20			87		
4352	1981	9	19	6	250	20		10061	0			93		
4352	1981	9	19	18	310	20		10036	20			87		
4352	1981	9	19	21	210	10		10053	0			93		
4352	1981	9	20	0	180	10		10080	0			93		
4352	1981	9	20	6	120	10		10124	0			93		
4352	1981	9	20	9	270	20		10166	10			93		
4352	1981	9	20	15	160	10		10201	0			100		
4352	1981	9	21	0	270	10		10210	0			93		
4352	1981	9	21	6	270	20		10190	-10			100		
4352	1981	9	21	9	250	30		10174	-10			93		
4352	1981	9	21	12	250	10		10166	-10			93		
4352	1981	9	21	18	270	40		10135	0			86		
4352	1981	9	22	0	260	30		10127	-10			93		
4352	1981	9	22	6	320	30		10083	-20			80		
4352	1981	9	22	9	320	30		10083	-20			80		
4352	1981	9	22	15	260	10		10058	0			69		
4352	1981	9	22	18	220	10		10039	0			74		
4352	1981	9	22	21	320	10		10032	-10			80		
4352	1981	9	23	0	60	10		10026	-10			80		
4352	1981	9	23	6	60	40		10016	-10			74		
4352	1981	9	23	12	80	30		10016	-20			86		
4352	1981	9	23	15	90	30		10027	-10			80		
4352	1981	9	23	18	90	30		10027	-10			80		
4352	1981	9	24	0	120	40		10046	-20			80		
4352	1981	9	24	6	60	30		10049	-20			80		
4352	1981	9	24	15	300	10		10066	-20			93		
4352	1981	9	24	21	100	10		10073	-20			80		
4352	1981	9	25	0	290	10		10083	-30			86		
4352	1981	9	25	21	120	40		10193	-10			93		
4352	1981	9	26	0	120	40		10193	-10			93		
4352	1981	9	26	9	340	20		10242	-20			74		
4352	1981	9	26	15	260	10		10247	-10			69		
4352	1981	9	27	0	280	20		10229	-20			80		
4352	1981	9	27	9	310	10		10202	-30			74		
4352	1981	9	27	12	290	20		10205	-10			64		
4352	1981	9	27	15	200	10		10208	0			64		
4352	1981	9	27	18	260	10		10207	-10			80		
4352	1981	9	27	21	60	10		10210	-20			80		
4352	1981	9	28	0	50	30		10217	-20			86		
4352	1981	9	28	9	300	10		10217	-20			80		
4352	1981	9	28	18	300	20		10190	-10			80		
4352	1981	9	28	21	290	30		10134	-20			80		
4352	1981	9	29	9	80	70		10152	-10			86		
4352	1981	9	29	12	70	90		10196	-10			86		
4352	1981	9	29	15	250	30		10223	0			80		
4352	1981	9	29	18	190	20		10242	0			86		
4352	1981	9	30	0	320	20		10264	-10			93		
4352	1981	9	30	9	170	10		10243	-140			92		
4352	1981	9	30	12	40	10		10237	-30			100		
4352	1981	9	30	15	160	20		10237	-20			93		
4352	1981	9	30	18	80	40		10262	-20			86		
4352	1981	10	1	0	70	80		10306	-10			86		
4352	1981	10	1	6	250	50		10303	-20			74		
4352	1981	10	1	9	250	50		10303	-20			74		
4352	1981	10	1	15	90	10		10281	-10			74		
4352	1981	10	1	18	320	10		10286	-10			86		
4352	1981	10	2	0	50	50		10289	-20			86		
4352	1981	10	2	6	50	20		10279	-30			93		
4352	1981	10	2	15	70	30		10313	-20			80		
4352	1981	10	2	18	210	10		10316	-20			80		
4352	1981	10	2	21	330	10		10318	-20			80		
4352	1981	10	3	0	270	10		10318	-30			86		
4352	1981	10	3	6	250	40		10278	-30			86		
4352	1981	10	3	12	260	50		10256	-40			100		
4352	1981	10	3	15	240	60		10213	-30			100		
4352	1981	10	3	18	110	30		10211	20			60		
4352	1981	10	4	0	60	50		10237	30			52		
4352	1981	10	4	6	100	20		10267	0			74		
4352	1981	10	4	9	80	340		10300	-30			93		
4352	1981	10	4	15	70	50		10316	-20			80		
4352	1981	10	5	0	70	40		10371	-30			86		
4352	1981	10	5	12	240	40		10391	-20			69		
4352	1981	10	5	15	240	40		10391	-20			69		
4352	1981	10	5	18	250	30		10365	-10			74		
4352	1981	10	6	0	340	70		10343	-10			50		
4352	1981	10	6	9	240	20		10327	-20			69		
4352	1981	10	6	12	300	20		10315	-10			64		
4352	1981	10	6	18	170	10		10291	-20			86		
4352	1981	10	6	21	50	30		10291	-30			93		
4352	1981	10	7	6	320	20		10279	-40			80		
4352	1981	10	7	12	70	20		10271	-50			93		
4352	1981	10	8	6	300	20		10273	-50			93		
4352	1981	10	8	12	310	30		10266	-40			80		
4352	1981	10	8	15	300	20		10252	-30			74		
4352	1981	10	8	18	240	30		10237	-40			80		
4352	1981	10	8	21	240	20		10234	-50			86		
4352	1981	10	9	12	50	60		10244	-30			68		
4352	1981	10	9	15	60	60		10244	-30			74		
4352	1981	10	10	0	100	10		10237	-40			86		
4352	1981	10	10	9	320	10		10234	-50			86		
4352	1981	10	10	12	310	20		10222	-40			68		
4352	1981	10	10	15	290	10		10212	-40			74		
4352	1981	10	10	18	320	20		10203	-40			74		
4352	1981	10	11	0	320	10		10200	-50			68		
4352	1981	10	11	6	50	50		10207	-50			53		
4352	1981	10	11	12	350	70		10219	-50			45		
4352	1981	10	11	18	270	10		10227	-40			39		
4352	1981	10	11	21	360	30		10234	-60			49		
4352	1981	10	12	0	350	30		10229	-60			41		
4352	1981	10	12	6	10	30		10225	-70			45		
4352	1981	10	12	12	310	40		10228	-10			43		
4352	1981	10	12	15	340	50		10227	-60			45		
4352	1981	10	13	0	310	70		10219	-80			62		
4352	1981	10	23	21	260	400		10083	-40			100		
4352	1981	10	24	21	320	30		10028						
4352	1981	10	25	0	320	60		10033						
4352	1981	10	25	6	340	30		10058						
4352	1981	10	25	21	70	70		10065						
4352	1981	10	26	12	290	40		10018						
4352	1981	10	26	18	270	10		10024	-50			86		
4352	1981	10	26	21	340	70		10029	-40			49		
4352	1981	10	28	21	300	30		10021	-30			68		
4352	1981	10	29	0	60	10		10017	-30			74		
4352	1981	10	30	0	310	50		10059	10			75		
4352	1981	10	30	12	350	60		10090	10			80		
4352	1981	10	30	18	20	50		10120	0			93		
4352	1981	10	31	21	350	40		10120	-10			54		
4352	1981	11	1	0										
4352	1981	11	1	21										
4352	1981	11	2	0										
4352	1981	11	2	9										
4352	1981	11	2	12										
4352	1981	11	2	21										
4352	1981	11	5	15										
4352	1981	11	8	0										
4352	1981	11	10	9										
4352	1981	11	11	21										
4352	1981	11	14	18										
4352	1981	11	19	12										
4352	1981	11	20	18										
4352	1981	11	21	6										
4352	1981	11	21	9										
4352	1981	11	22	12										
4352	1981	11	22	18										
4352	1981	11	25	0										
4352	1981	11	27	18										
4352	1982	1	28	9										
4352	1982	2	8	6										
4352	1982	2	14	12										
4352	1982	2	14	15										
4352	1982	2	17	0										
4352	1982	3	26	6										
4352	1982	3	27	6										
4352	1982	3	27	9										
4352	1982	3	28	9										
4352	1982	3	28	12										
4352	1982	3	30	9										
4352	1982	4	8	6										
4352	1983	9	5	0										
