stat_no	year	month	day	hour	dd	ff	n	pppp	ttt	txtxtx	tntntn	rh	rrr6	sss
4410	1987	9	23	12	280	5			-42			30		
4410	1987	9	23	15	270	5			-75			37		
4410	1987	9	24	0	220	15			-156			50		
4410	1987	9	24	6	350	10			-183			61		
4410	1987	9	24	9	320	21			-166			66		
4410	1987	9	24	12	310	15			-145			62		
4410	1987	9	24	15	310	26			-145			63		
4410	1987	9	24	18	270	26			-157			65		
4410	1987	9	24	21	270	36			-163			69		
4410	1987	9	25	0	300	26			-175			69		
4410	1987	9	25	9	310	36			-200			91		
4410	1987	9	25	12	330	26			-195			85		
4410	1987	9	28	12	140	31			-81			99		
4410	1987	9	28	15	200	21			-95			98		
4410	1987	9	28	18	190	10			-111			98		
4410	1987	9	29	3	0	0			-123			98		
4410	1987	9	29	6	0	0			-124			98		
4410	1987	9	29	9	0	0			-112			98		
4410	1987	9	29	12	0	0			-88			86		
4410	1987	9	29	15	0	0			-76			78		
4410	1987	9	29	18	0	0			-95			89		
4410	1987	9	30	0	120	10			-113			98		
4410	1987	9	30	3	120	10			-112			98		
4410	1987	9	30	9	0	0			-112			98		
4410	1987	9	30	12	0	0			-99			98		
4410	1987	9	30	15	0	0			-101			97		
4410	1987	9	30	18	0	0			-123			97		
4410	1987	10	1	0	170	5			-131			100		
4410	1987	10	1	3	0	0			-123			81		
4410	1987	10	1	9	0	0			-120			79		
4410	1987	10	1	12	270	10			-110			70		
4410	1987	10	1	15	260	10			-123			76		
4410	1987	10	1	18	320	10			-117			74		
4410	1987	10	2	3	240	10			-136			74		
4410	1987	10	2	9	240	31			-162			84		
4410	1987	10	2	12	260	31			-152			78		
4410	1987	10	2	15	280	36			-144			74		
4410	1987	10	2	18	220	31			-144			71		
4410	1987	10	3	0	280	26			-157			79		
4410	1987	10	3	3	270	31			-166			82		
4410	1987	10	3	9	320	26			-148			74		
4410	1987	10	3	12	340	10			-112			48		
4410	1987	10	3	18	100	26			-155			94		
4410	1987	10	4	3	90	36			-184			96		
4410	1987	10	4	9	50	36			-178			96		
4410	1987	10	4	12	10	26			-190			96		
4410	1987	10	4	15	20	26			-181			95		
4410	1987	10	4	18	50	21			-183			96		
4410	1987	10	5	3	360	21			-221			96		
4410	1987	10	5	6	340	15			-223			95		
4410	1987	10	5	9	340	21			-234			72		
4410	1987	10	5	12	360	21			-231			94		
4410	1987	10	5	15	360	10			-219			95		
4410	1987	10	5	18	350	5			-249			94		
4410	1987	10	6	6	10	5			-270			95		
4410	1987	10	6	9	20	5			-274			95		
4410	1987	10	6	12	20	5			-237			94		
4410	1987	10	6	15	360	5			-206			96		
4410	1987	10	6	18	360	10			-236			96		
4410	1987	10	6	21	10	5			-264			95		
4410	1987	10	7	0	360	5			-271			95		
4410	1987	10	7	3	340	5			-266			94		
4410	1987	10	7	6	20	10			-273			95		
4410	1987	10	7	9	360	10			-266			94		
4410	1987	10	7	12	330	10			-238			94		
4410	1987	10	7	15	330	15			-238			94		
4410	1987	10	7	18	350	21			-242			95		
4410	1987	10	7	21	330	26			-234			95		
4410	1987	10	8	3	330	31			-229			95		
4410	1987	10	8	6	360	31			-225			94		
4410	1987	10	8	9	340	31			-222			96		
4410	1987	10	8	12	350	36			-219			94		
4410	1987	10	8	15	340	51			-219			94		
4410	1987	10	8	18	340	51			-225			95		
4410	1987	10	8	21	340	41			-229			95		
4410	1987	10	9	0	360	31			-231			95		
4410	1987	10	9	3	350	31			-231			95		
4410	1987	10	9	6	10	26			-228			95		
4410	1987	10	9	9	340	15			-225			95		
4410	1987	10	9	12	350	15			-228			95		
4410	1987	10	9	15	340	10			-209			96		
4410	1987	10	9	21	30	10			-237			94		
4410	1987	10	10	0	340	10			-216			96		
4410	1987	10	10	3	350	31			-212			96		
4410	1987	10	10	9	340	10			-188			95		
4410	1987	10	10	12	330	21			-160			94		
4410	1987	10	10	15	320	31			-162			65		
4410	1987	10	10	18	350	21			-172			52		
4410	1987	10	10	21	330	26			-162			45		
4410	1987	10	11	0	340	26			-152			45		
4410	1987	10	11	3	310	21			-138			39		
4410	1987	10	11	6	310	21			-155			37		
4410	1987	10	11	9	320	26			-171			67		
4410	1987	10	11	12	330	26			-166			77		
4410	1987	10	11	15	320	31			-193			86		
4410	1987	10	11	18	320	26			-208			93		
4410	1987	10	11	21	330	15			-209			96		
4410	1987	10	12	0	360	21			-221			96		
4410	1987	10	12	3	30	15			-209			93		
4410	1987	10	12	6	350	15			-206			91		
4410	1987	10	12	9	30	10			-173			81		
4410	1987	10	12	12	10	10			-123			52		
4410	1987	10	12	15	340	10			-108			23		
4410	1987	10	12	18	340	15			-131			35		
4410	1987	10	12	21	360	10			-135			32		
4410	1987	10	13	3	40	10			-128			24		
4410	1987	10	13	6	20	5			-122			23		
4410	1987	10	13	9	130	10			-121			21		
4410	1987	10	13	12	200	10			-77			12		
4410	1987	10	13	15	110	10			-104			17		
4410	1987	10	13	18	190	10			-137			19		
4410	1987	10	13	21	280	5			-188			30		
4410	1987	10	14	0	20	5			-173			34		
4410	1987	10	14	3	30	10			-169			35		
4410	1987	10	14	9	100	15			-177			48		
4410	1987	10	14	12	140	15			-154			53		
4410	1987	10	14	15	270	10			-166			54		
4410	1987	10	14	18	300	15			-171			51		
4410	1987	10	15	0	40	10			-179			43		
4410	1987	10	15	3	110	206			-170			41		
4410	1987	10	15	6	130	10			-174			43		
4410	1987	10	15	9	110	10			-192			56		
4410	1987	10	15	12	120	15			-176			67		
4410	1987	10	15	15	180	10			-144			62		
4410	1987	10	15	18	170	5			-199			69		
4410	1987	10	15	21	190	5			-226			76		
4410	1987	10	16	0	180	5			-210			71		
4410	1987	10	16	3	230	5			-205			63		
4410	1987	10	16	6	180	5			-200			64		
4410	1987	10	16	9	230	5			-204			76		
4410	1987	10	16	12	270	15			-176			59		
4410	1987	10	16	15	290	15			-170			59		
4410	1987	10	16	18	270	26			-158			52		
4410	1987	10	16	21	280	21			-167			53		
4410	1987	10	17	0	120	5			-201			60		
4410	1987	10	17	3	140	10			-226			77		
4410	1987	10	17	6	230	10			-250			93		
4410	1987	10	17	9	280	10			-266			95		
4410	1987	10	17	12	270	26			-209			74		
4410	1987	10	17	15	280	26			-166			55		
4410	1987	10	17	18	250	26			-191			59		
4410	1987	10	17	21	280	15			-189			65		
4410	1987	10	18	0	310	15			-211			65		
4410	1987	10	18	3	290	31			-238			72		
4410	1987	10	18	6	300	26			-234			74		
4410	1987	10	18	9	290	26			-230			71		
4410	1987	10	18	12	130	26			-239			74		
4410	1987	10	18	15	320	26			-230			76		
4410	1987	10	18	18	320	26			-232			77		
4410	1987	10	18	21	340	26			-228			79		
4410	1987	10	19	0	20	10			-220			80		
4410	1987	10	19	6	340	15			-232			84		
4410	1987	10	19	9	340	31			-218			82		
4410	1987	10	19	12	360	21			-193			74		
4410	1987	10	19	15	330	21			-212			69		
4410	1987	10	19	18	340	21			-200			65		
4410	1987	10	19	21	360	10			-200			63		
4410	1987	10	20	0	120	10			-196			60		
4410	1987	10	20	3	50	10			-173			46		
4410	1987	10	20	6	100	15			-186			48		
4410	1987	10	20	9	90	26			-216			86		
4410	1987	10	20	12	100	31			-218			92		
4410	1987	10	20	15	110	26			-213			88		
4410	1987	10	20	18	80	21			-215			86		
4410	1987	10	20	21	60	21			-221			84		
4410	1987	10	21	0	60	21			-221			84		
4410	1987	10	21	3	80	15			-212			88		
4410	1987	10	21	6	70	31			-212			95		
4410	1987	10	21	9	70	31			-219			94		
4410	1987	10	21	12	80	36			-206			95		
4410	1987	10	21	15	100	41			-187			95		
4410	1987	10	21	18	90	57			-190			96		
4410	1987	10	21	21	90	41			-190			96		
4410	1987	10	22	0	90	36			-194			95		
4410	1987	10	22	15	50	26			-143			98		
4410	1987	10	22	18	50	26			-140			97		
4410	1987	10	22	21	60	26			-143			98		
4410	1987	10	23	0	70	26			-145			97		
4410	1987	10	23	3	80	26			-150			98		
4410	1987	10	23	6	80	26			-140			97		
4410	1987	10	23	9	90	21			-131			98		
4410	1987	10	23	12	100	10			-117			98		
4410	1987	10	23	15	180	10			-99			99		
4410	1987	10	23	18	160	15			-114			98		
4410	1987	10	23	21	170	10			-108			98		
4410	1987	10	24	0	150	5			-113			98		
4410	1987	10	24	3	140	10			-108			98		
4410	1987	10	24	6	150	10			-119			98		
4410	1987	10	24	9	160	10			-111			98		
4410	1987	10	24	12	150	10			-107			98		
4410	1987	10	24	15	120	10			-104			99		
4410	1987	10	24	18	100	5			-117			98		
4410	1987	10	24	21	90	5			-138			98		
4410	1987	10	25	0	0	0			-122			98		
4410	1987	10	25	3	90	5			-131			98		
4410	1987	10	25	6	0	0			-131			98		
4410	1987	10	25	9	0	0			-138			98		
4410	1987	10	25	12	0	0			-131			98		
4410	1987	10	25	15	340	5			-127			98		
4410	1987	10	25	18	310	5			-136			98		
4410	1987	10	26	0	300	5			-150			98		
4410	1987	10	26	3	300	5			-150			98		
4410	1987	10	26	6	300	5			-160			97		
4410	1987	10	26	9	300	10			-156			98		
4410	1987	10	26	12	290	10			-161			97		
4410	1987	10	26	15	290	5			-169			97		
4410	1987	10	26	18	290	5			-173			97		
4410	1987	10	27	12	0	0						98		
4410	1987	10	27	15	0	0			-136			98		
4410	1987	10	27	18	0	0			-173			97		
4410	1987	10	27	21	0	0			-187			97		
4410	1987	10	28	12	0	0			-176			97		
4410	1987	10	28	15	0	0			-166			98		
4410	1987	10	29	9	290	5			-193			88		
4410	1987	10	29	12	290	5			-197					
4410	1987	10	29	15	310	5			-184			89		
4410	1987	10	29	18	320	5			-157			85		
4410	1987	10	29	21	0	0			-149			88		
4410	1987	10	30	0	0	0			-157			85		
4410	1987	10	30	3	0	0			-159			78		
4410	1987	10	30	9	20	10			-162			77		
4410	1987	10	30	12	350	5			-180			78		
4410	1987	10	30	15	270	5			-168			82		
4410	1987	10	30	18	330	5			-199			86		
4410	1987	10	30	21	310	10			-188			83		
4410	1987	10	31	3	240	5			-218			82		
4410	1987	10	31	6	210	15			-200			75		
4410	1987	10	31	9	220	21			-202			93		
4410	1987	10	31	12	200	21			-204			92		
4410	1987	10	31	15	220	26			-183			86		
4410	1987	10	31	18	200	26			-159			91		
4410	1987	11	1	0	160	15			-144			98		
4410	1987	11	1	9	120	206			-60			96		
4410	1987	11	2	3	270	5			-212			96		
4410	1987	11	2	6	280	5			-214			96		
4410	1987	11	2	9	220	5			-224			96		
4410	1987	11	2	12	220	10			-246			96		
4410	1987	11	2	15	240	5			-238			96		
4410	1987	11	2	18	250	10			-226			96		
4410	1987	11	3	3	130	41			-165			97		
4410	1987	11	3	6	120	67			-201			95		
4410	1987	11	3	9	120	67			-231			95		
4410	1987	11	3	12	150	41			-220			96		
4410	1987	11	3	15	200	15			-226			96		
4410	1987	11	3	18	260	15			-254			96		
4410	1987	11	3	21	280	26			-231			96		
4410	1987	11	4	0	310	36			-229			96		
4410	1987	11	4	3	310	36			-202			93		
4410	1987	11	4	6	270	31			-170			80		
4410	1987	11	4	9	240	26			-193			74		
4410	1987	11	4	12	230	31			-200			82		
4410	1987	11	4	15	220	21			-202			91		
4410	1987	11	4	18	230	10			-212			91		
4410	1987	11	4	21	260	10			-193			85		
4410	1987	11	5	3	210	10			-199			90		
4410	1987	11	5	6	230	5			-184			94		
4410	1987	11	6	0	260	26			-187			93		
4410	1987	11	6	3	270	36			-168			86		
4410	1987	11	6	6	290	36			-156			77		
4410	1987	11	6	9	280	41			-156			79		
4410	1987	11	6	12	280	36			-159			76		
4410	1987	11	6	15	280	36			-155			79		
4410	1987	11	6	18	260	41			-184			81		
4410	1987	11	6	21	320	31			-180			63		
4410	1987	11	7	0	20	21			-142					
4410	1987	11	7	3	20	10			-131					
4410	1987	11	7	6	220	10			-124					
4410	1987	11	7	9	280	5			-95					
4410	1987	11	7	12	270	21			-109					
4410	1987	11	7	15	310	26			-89			62		
4410	1987	11	7	18	270	31			-125			85		
4410	1987	11	7	21	270	26			-92			81		
4410	1987	11	8	0	290	21			-70			74		
4410	1987	11	8	3	310	26			-103			80		
4410	1987	11	8	6	290	26			-107			79		
4410	1987	11	8	9	320	31			-123			80		
4410	1987	11	8	12	330	41			-123			78		
4410	1987	11	8	15	300	31			-103			75		
4410	1987	11	8	18	290	36			-119			79		
4410	1987	11	8	21	310	41			-142			82		
4410	1987	11	9	0	310	41			-127			77		
4410	1987	11	9	3	360	26			-104			65		
4410	1987	11	9	9	140	26			-111			56		
4410	1987	11	9	12	140	26			-129			88		
4410	1987	11	9	15	140	15			-125			98		
4410	1987	11	9	18	250	15			-141			98		
4410	1987	11	9	21	240	10			-183			97		
4410	1987	11	10	0	250	10			-170			97		
4410	1987	11	10	3	260	21			-180			90		
4410	1987	11	10	6	240	31			-173			83		
4410	1987	11	10	9	290	31			-152			80		
4410	1987	11	10	12	330	31			-162			80		
4410	1987	11	10	15	340	26			-163			75		
4410	1987	11	10	18	350	26			-152			69		
4410	1987	11	10	21	30	21			-122			50		
4410	1987	11	11	0	60	26			-120			39		
4410	1987	11	11	3	80	21			-130			32		
4410	1987	11	11	6	80	21			-131			45		
4410	1987	11	11	9	50	31			-153			43		
4410	1987	11	11	12	70	31			-132			41		
4410	1987	11	11	15	60	31			-157			51		
4410	1987	11	11	18	70	31			-174			59		
4410	1987	11	12	0	40	26			-176			61		
4410	1987	11	12	3	30	15			-156			61		
4410	1987	11	12	6	40	26			-191			74		
4410	1987	11	12	9	50	26			-170			91		
4410	1987	11	12	12	50	26			-160			87		
4410	1987	11	12	15	40	21			-165			87		
4410	1987	11	12	18	50	15			-155			76		
4410	1987	11	12	21	70	21			-146			65		
4410	1987	11	13	0	70	26			-150			65		
4410	1987	11	13	3	40	21			-209			73		
4410	1987	11	13	6	60	26			-153			70		
4410	1987	11	13	9	60	26			-165			74		
4410	1987	11	13	12	80	21			-183			78		
4410	1987	11	13	15	100	21			-178			60		
4410	1987	11	13	18	90	15			-184			83		
4410	1987	11	13	21	100	31			-183			96		
4410	1987	11	14	6	130	15			-172			10		
4410	1987	11	14	12	120	10			-178					
4410	1987	11	14	21	230	77						87		
4410	1987	11	15	6	310	10			-209			96		
4410	1987	11	15	9	290	10			-205			88		
4410	1987	11	15	12	260	15			-201			82		
4410	1987	11	15	15	230	15			-227			86		
4410	1987	11	15	18	310	10			-182			74		
4410	1987	11	15	21	330	15			-180			58		
4410	1987	11	16	0	340	15			-188			63		
4410	1987	11	16	3	340	10			-185			67		
4410	1987	11	16	6	20	10			-193			69		
4410	1987	11	16	9	40	5			-198			71		
4410	1987	11	16	12	140	5			-188			69		
4410	1987	11	16	15	190	5			-199			71		
4410	1987	11	16	18	0	0			-206			75		
4410	1987	11	16	21	350	10			-208			71		
4410	1987	11	17	0	270	5			-198			71		
4410	1987	11	17	3	320	10			-200			71		
4410	1987	11	17	9	190	5			-203			96		
4410	1987	11	17	15	190	72			-186					
4410	1987	11	17	18	180	10			-183			41		
4410	1987	11	18	21	140	5			-161			97		
4410	1987	11	19	3	300	10			-173			97		
4410	1987	11	19	6	340	10			-168			97		
4410	1987	11	19	9	310	10			-159			96		
4410	1987	11	19	12	270	10			-162			80		
4410	1987	11	19	15	280	15			-175			75		
4410	1987	11	19	18	320	10			-180			75		
4410	1987	11	19	21	310	15			-174			65		
4410	1987	11	20	0	210	15			-183			65		
4410	1987	11	20	3	210	21			-169			70		
4410	1987	11	20	9	220	21			-166			97		
4410	1987	11	20	12	260	36			-187			96		
4410	1987	11	20	15	280	15			-166			97		
4410	1987	11	21	6	360	31			-204			93		
4410	1987	11	21	9	340	31			-209			93		
4410	1987	11	21	12	360	36			-236			95		
4410	1987	11	21	15	330	31			-227			93		
4410	1987	11	21	18	350	31			-240			95		
4410	1987	11	21	21	340	51			-243			93		
4410	1987	11	22	0	340	46			-253			94		
4410	1987	11	22	3	340	41			-260			93		
4410	1987	11	22	6	320	26			-263			91		
4410	1987	11	22	9	340	36			-249			89		
4410	1987	11	22	12	330	31			-240			87		
4410	1987	11	22	18	260	15			-243			81		
4410	1987	11	22	21	320	26			-198			65		
4410	1987	11	23	3	260	10			-218			57		
4410	1987	11	23	6	260	15			-232			78		
4410	1987	11	23	9	320	31			-223			87		
4410	1987	11	23	12	320	51			-209			83		
4410	1987	11	23	15	310	41			-192			78		
4410	1987	11	23	18	270	31			-157			60		
4410	1987	11	23	21	200	21			-124			76		
4410	1987	11	24	0	200	26			-123			85		
4410	1987	11	24	3	230	41			-71			93		
4410	1987	11	24	6	240	41			-51			93		
4410	1987	11	24	9	220	31			-38			93		
4410	1987	11	24	12	230	57			-21			90		
4410	1987	11	24	15	220	51			-27			91		
4410	1987	11	24	18	230	36			-39			91		
4410	1987	11	24	21	240	41			-59			92		
4410	1987	11	25	0	220	36			-65			93		
4410	1987	11	25	3	160	26			-66			93		
4410	1987	11	25	6	100	15			-72			99		
4410	1987	11	25	9	360	31			-126			98		
4410	1987	11	25	12	340	31			-144			98		
4410	1987	11	25	15	330	46			-159			98		
4410	1987	11	25	18	310	51			-172			97		
4410	1987	11	25	21	320	31			-184			97		
4410	1987	11	26	12	300	5			-239			96		
4410	1987	11	26	15	340	5			-244			96		
4410	1987	11	26	18	30	5			-254			96		
4410	1987	11	27	0	0	0			-237			96		
4410	1987	11	27	3	160	5			-237			95		
4410	1987	11	27	6	190	5			-255			96		
4410	1987	11	27	9	0	0			-269			95		
4410	1987	11	27	12	200	5			-253			96		
4410	1987	11	27	15	0	0			-252			96		
4410	1987	11	27	18	270	5			-241			96		
4410	1987	11	27	21	280	5			-233			96		
4410	1987	11	28	9	30	10			-209			90		
4410	1987	11	28	12	30	15			-205			82		
4410	1987	11	28	15	20	21			-205			85		
4410	1987	11	28	18	20	21			-220			87		
4410	1987	11	28	21	340	10			-212			82		
4410	1987	11	29	0	360	10			-216			69		
4410	1987	11	29	3	100	5			-197			60		
4410	1987	11	29	6	130	21			-206			65		
4410	1987	11	29	9	130	26			-224			87		
4410	1987	11	29	12	140	26			-229			96		
4410	1987	11	29	15	190	15			-235			96		
4410	1987	11	29	18	200	10			-241			96		
4410	1987	11	29	21	230	5			-232			96		
4410	1987	11	30	0	230	5			-243			95		
4410	1987	11	30	3	230	10			-245			96		
4410	1987	11	30	9	230	10			-265			95		
4410	1987	11	30	12	230	21			-266			89		
4410	1987	11	30	15	220	26			-271			88		
4410	1987	11	30	18	230	31			-249			85		
4410	1987	12	1	0	270	31			-232			70		
4410	1987	12	1	3	290	31			-235			78		
4410	1987	12	1	6	340	26			-246			94		
4410	1987	12	1	9	340	21			-236			95		
4410	1987	12	1	12	360	10			-225			94		
4410	1987	12	1	15	280	10			-209			96		
4410	1987	12	1	18	230	15			-192			90		
4410	1987	12	1	21	190	10			-155			94		
4410	1987	12	2	0	230	15			-137			98		
4410	1987	12	2	3	260	10			-121			98		
4410	1987	12	2	6	230	15			-110			98		
4410	1987	12	2	9	170	21			-109			98		
4410	1987	12	2	12	220	21			-123			98		
4410	1987	12	2	15	230	41			-120			98		
4410	1987	12	2	18	220	57			-142			88		
4410	1987	12	2	21	220	62			-151			89		
4410	1987	12	3	0	190	36			-169			91		
4410	1987	12	3	6	270	15			-186			97		
4410	1987	12	3	12	130	5			-231			95		
4410	1987	12	3	15	0	0			-271			95		
4410	1987	12	3	18	0	0			-266			95		
4410	1987	12	4	0	0	0			-292			94		
4410	1987	12	4	3	0	0			-294			94		
4410	1987	12	4	6	0	0			-305			94		
4410	1987	12	4	9	320	10			-311			94		
4410	1987	12	4	12	310	5			-315			94		
4410	1987	12	4	15	270	5			-293			94		
4410	1987	12	4	18	240	5			-308			94		
4410	1987	12	4	21	0	0			-283			95		
4410	1987	12	5	0	260	5			-304			94		
4410	1987	12	5	3	340	10			-309			94		
4410	1987	12	5	6	360	5			-296			94		
4410	1987	12	5	9	10	5			-278			95		
4410	1987	12	5	12	350	5			-252			95		
4410	1987	12	5	15	310	5			-219			91		
4410	1987	12	5	18	220	5			-205			50		
4410	1987	12	5	21	290	10			-166			49		
4410	1987	12	6	0	270	31			-166			79		
4410	1987	12	6	3	280	31			-151			85		
4410	1987	12	6	9	300	41			-136			76		
4410	1987	12	6	12	310	36			-131			72		
4410	1987	12	6	15	280	31			-131			74		
4410	1987	12	6	18	280	31			-129			76		
4410	1987	12	6	21	290	31			-109			70		
4410	1987	12	7	3	290	31			-111			70		
4410	1987	12	7	9	320	15			-126			74		
4410	1987	12	7	12	300	21			-126			71		
4410	1987	12	7	15	200	10			-156			79		
4410	1987	12	7	18	150	10			-129			81		
4410	1987	12	7	21	150	26			-139			86		
4410	1987	12	8	0	150	15			-139			97		
4410	1987	12	8	3	190	15			-138			97		
4410	1987	12	8	9	190	5			-157			98		
4410	1987	12	8	12	170	15			-121			98		
4410	1987	12	8	15	170	21			-119			98		
4410	1987	12	8	18	270	31			-174			97		
4410	1987	12	8	21	260	26			-255			96		
4410	1987	12	9	0	310	36			-273			95		
4410	1987	12	9	3	330	41			-276			95		
4410	1987	12	9	9	310	36			-266			95		
4410	1987	12	9	12	320	26			-238			96		
4410	1987	12	9	15	290	26			-223			94		
4410	1987	12	9	18	270	26			-221			54		
4410	1987	12	9	21	260	15			-218			50		
4410	1987	12	10	3	270	31			-166			71		
4410	1987	12	10	6	210	31			-129			96		
4410	1987	12	10	9	230	57			-113			98		
4410	1987	12	10	12	230	57			-110			95		
4410	1987	12	10	15	230	51			-111			92		
4410	1987	12	10	18	260	46			-131			92		
4410	1987	12	10	21	250	41			-131			92		
4410	1987	12	11	0	230	46			-145			94		
4410	1987	12	11	3	250	31			-152			91		
4410	1987	12	11	6	250	26			-151			90		
4410	1987	12	11	9	230	36			-134			88		
4410	1987	12	11	12	220	46			-122			91		
4410	1987	12	11	15	230	41			-2			94		
4410	1987	12	11	21	210	41			-141			95		
4410	1987	12	12	0	270	41			-202			96		
4410	1987	12	12	3	280	36			-255			86		
4410	1987	12	12	6	290	36			-286			94		
4410	1987	12	12	9	340	36			-318			93		
4410	1987	12	12	12	330	41			-320			93		
4410	1987	12	12	15	330	46			-315			93		
4410	1987	12	12	18	10	21			-297			94		
4410	1987	12	12	21	330	15			-264			85		
4410	1987	12	13	0	140	15			-243			62		
4410	1987	12	13	3	190	15			-249			55		
4410	1987	12	13	6	260	10			-250			55		
4410	1987	12	13	9	260	15			-236			46		
4410	1987	12	13	12	240	21			-266			90		
4410	1987	12	13	15	270	36			-251			83		
4410	1987	12	13	18	280	31			-236			61		
4410	1987	12	13	21	310	36			-235			73		
4410	1987	12	14	0	290	41			-237			78		
4410	1987	12	14	3	320	36			-238			74		
4410	1987	12	14	6	290	31			-229			74		
4410	1987	12	14	9	310	36			-228			76		
4410	1987	12	14	12	320	31			-218			72		
4410	1987	12	14	15	290	31			-204			74		
4410	1987	12	14	18	270	31			-191			83		
4410	1987	12	15	0	240	31			-190			89		
4410	1987	12	15	3	220	26			-187			93		
4410	1987	12	15	9	230	21			-206			93		
4410	1987	12	15	12	200	15			-218			94		
4410	1987	12	15	15	190	15			-227			95		
4410	1987	12	15	18	200	15			-229			95		
4410	1987	12	15	21	200	15			-263			95		
4410	1987	12	16	0	220	15			-268			95		
4410	1987	12	16	3	220	10			-272			95		
4410	1987	12	16	9	220	10			-306			94		
4410	1987	12	16	12	220	10			-308			94		
4410	1987	12	16	15	230	15			-283			95		
4410	1987	12	16	18	270	15			-284			95		
4410	1987	12	16	21	260	21			-312			93		
4410	1987	12	17	0	290	26			-264			86		
4410	1987	12	17	3	270	21			-243			76		
4410	1987	12	17	6	250	15			-253			71		
4410	1987	12	17	9	230	10			-265			74		
4410	1987	12	17	12	220	15			-266			74		
4410	1987	12	17	15	230	21			-248			79		
4410	1987	12	17	21	240	21			-227			84		
4410	1987	12	18	0	210	26			-233			95		
4410	1987	12	18	3	260	31			-235			95		
4410	1987	12	18	6	290	41			-272			77		
4410	1987	12	18	9	320	36			-294			79		
4410	1987	12	18	12	320	36			-290			74		
4410	1987	12	18	15	320	36			-254			52		
4410	1987	12	18	18	340	36			-247			49		
4410	1987	12	18	21	240	10			-236			52		
4410	1987	12	19	3	290	21			-190			70		
4410	1987	12	20	6	140	26			-157			98		
4410	1987	12	20	9	140	26			-171			97		
4410	1987	12	21	0	120	31			-181			97		
4410	1987	12	22	12	220	5			-249			96		
4410	1987	12	22	15	200	5			-246			96		
4410	1987	12	22	18	240	5			-240			96		
4410	1987	12	22	21	240	5			-256			96		
4410	1987	12	23	0	220	5			-268			95		
4410	1987	12	23	6	290	10			-277			95		
4410	1987	12	23	9	360	10			-322			94		
4410	1987	12	23	12	330	10			-334			94		
4410	1987	12	23	15	330	10			-360			94		
4410	1987	12	23	18	310	10			-371			94		
4410	1987	12	23	21	330	15			-370			95		
4410	1987	12	24	0	340	21			-362			94		
4410	1987	12	24	3	320	10			-370			95		
4410	1987	12	24	9	330	15			-351			94		
4410	1987	12	24	12	320	15			-346			95		
4410	1987	12	24	15	310	15			-341			94		
4410	1987	12	24	18	340	15			-326			94		
4410	1987	12	24	21	320	10			-315			95		
4410	1987	12	25	0	330	15			-300			94		
4410	1987	12	25	3	310	15			-295			94		
4410	1987	12	25	6	300	21			-282			89		
4410	1987	12	25	9	300	26			-278			67		
4410	1987	12	25	12	290	36			-268			37		
4410	1987	12	25	15	290	36			-249			35		
4410	1987	12	25	18	300	31			-237			35		
4410	1987	12	25	21	360	21			-258			45		
4410	1987	12	26	0	340	15			-240			45		
4410	1987	12	26	3	340	21			-227			26		
4410	1987	12	26	6	300	15			-214			19		
4410	1987	12	26	9	310	15			-208			12		
4410	1987	12	26	12	320	10			-209			14		
4410	1987	12	26	15	190	5			-233			43		
4410	1987	12	26	18	230	5			-231			50		
4410	1987	12	26	21	280	10			-207			47		
4410	1987	12	27	0	290	26			-193			39		
4410	1987	12	27	3	310	26			-180			39		
4410	1987	12	27	6	310	31			-178			17		
4410	1987	12	27	9	310	26			-167			53		
4410	1987	12	27	12	210	15			-170			59		
4410	1987	12	27	15	280	15			-158			67		
4410	1987	12	27	18	310	21			-172			76		
4410	1987	12	27	21	310	10			-159			76		
4410	1987	12	28	0	290	15			-156			76		
4410	1987	12	28	3	270	15			-148			76		
4410	1987	12	28	6	290	15			-162			69		
4410	1987	12	28	9	260	15			-157			58		
4410	1987	12	28	12	230	10			-163			63		
4410	1987	12	28	15	230	10			-158			67		
4410	1987	12	28	18	220	5			-166			69		
4410	1987	12	28	21	20	5			-190			79		
4410	1987	12	29	3	340	5			-189			80		
4410	1987	12	29	6	340	10			-200			82		
4410	1987	12	29	9	340	10			-212			83		
4410	1987	12	29	12	40	5			-220			86		
4410	1987	12	29	15	320	5			-203			77		
4410	1987	12	29	18	280	10			-202			86		
4410	1987	12	29	21	280	10			-197			80		
4410	1987	12	30	0	320	15			-196			86		
4410	1987	12	30	3	310	21			-193			82		
4410	1987	12	30	6	270	15			-170			79		
4410	1987	12	30	9	290	15			-209			83		
4410	1987	12	30	12	260	26			-224			84		
4410	1987	12	30	15	260	21			-225			84		
4410	1987	12	30	18	250	26			-233			86		
4410	1987	12	30	21	280	26			-233			79		
4410	1987	12	31	0	330	31			-280			86		
4410	1987	12	31	3	330	41			-294			83		
4410	1987	12	31	6	320	51			-308			85		
4410	1987	12	31	9	330	41			-316			85		
4410	1987	12	31	12	330	36			-309			84		
4410	1987	12	31	15	320	31			-285			70		
4410	1987	12	31	18	320	26			-291			62		
4410	1987	12	31	21	340	26			-265			47		
4410	1988	1	1	0	360	21			-254			41		
4410	1988	1	1	3	110	10			-244			35		
4410	1988	1	1	6	140	21			-243			30		
4410	1988	1	1	9	140	21			-245			30		
4410	1988	1	1	12	140	26			-260			34		
4410	1988	1	1	15	150	21			-266			39		
4410	1988	1	1	18	150	21			-279			56		
4410	1988	1	1	21	150	15			-300			83		
4410	1988	1	2	0	130	5			-314			92		
4410	1988	1	2	3	340	5			-310			93		
4410	1988	1	2	9	20	5			-331			92		
4410	1988	1	2	12	310	5			-341			93		
4410	1988	1	2	15	330	10			-347			93		
4410	1988	1	3	0	340	26			-383			94		
4410	1988	1	3	3	360	15			-392			93		
4410	1988	1	3	9	330	21			-361			92		
4410	1988	1	3	12	310	15			-353			92		
4410	1988	1	3	15	320	15			-366			92		
4410	1988	1	3	18	340	21			-384			92		
4410	1988	1	3	21	320	21			-372			92		
4410	1988	1	4	0	340	26			-384			92		
4410	1988	1	4	3	330	21			-369			92		
4410	1988	1	4	6	340	21			-380			93		
4410	1988	1	4	9	340	21			-384			93		
4410	1988	1	4	12	320	21			-378			92		
4410	1988	1	4	15	330	26			-373			92		
4410	1988	1	4	18	330	21			-394			92		
4410	1988	1	4	21	320	31			-392			93		
4410	1988	1	5	0	330	36			-386			92		
4410	1988	1	5	3	310	41			-391			92		
4410	1988	1	5	6	330	36			-375			92		
4410	1988	1	5	9	320	41			-367			92		
4410	1988	1	5	12	320	46			-385			92		
4410	1988	1	5	15	310	31			-370			92		
4410	1988	1	5	18	340	31			-347			92		
4410	1988	1	6	0	340	41			-315			93		
4410	1988	1	6	3	340	46			-301			94		
4410	1988	1	6	6	340	41			-287			94		
4410	1988	1	6	9	330	46			-283			93		
4410	1988	1	6	12	340	51			-287			94		
4410	1988	1	6	15	330	46			-286			94		
4410	1988	1	6	18	320	31			-293			94		
4410	1988	1	6	21	340	31			-292			94		
4410	1988	1	7	0	360	26			-302			94		
4410	1988	1	7	3	320	15			-313			93		
4410	1988	1	7	6	290	21			-315			93		
4410	1988	1	7	9	280	26			-310			93		
4410	1988	1	7	12	280	26			-292			94		
4410	1988	1	7	15	300	31			-271			94		
4410	1988	1	7	18	270	31			-273			84		
4410	1988	1	7	21	310	31			-219			70		
4410	1988	1	8	0	320	15			-215			67		
4410	1988	1	8	3	130	10			-209			63		
4410	1988	1	8	6	120	15			-218			63		
4410	1988	1	8	9	100	15			-237			63		
4410	1988	1	8	12	80	15			-233			63		
4410	1988	1	8	15	100	21			-244			67		
4410	1988	1	8	18	90	26			-255			68		
4410	1988	1	8	21	90	31			-249			84		
4410	1988	1	9	0	60	31			-237			88		
4410	1988	1	9	3	70	41			-220			79		
4410	1988	1	9	6	70	36			-231			87		
4410	1988	1	9	9	50	26			-240			90		
4410	1988	1	9	12	20	21			-237			94		
4410	1988	1	9	15	20	26			-234			95		
4410	1988	1	9	18	360	21			-253			95		
4410	1988	1	9	21	350	15			-246			91		
4410	1988	1	10	0	330	21			-246			80		
4410	1988	1	10	3	340	26			-248			77		
4410	1988	1	10	6	340	26			-241			73		
4410	1988	1	10	9	340	26			-247			80		
4410	1988	1	10	12	350	21			-255			86		
4410	1988	1	10	15	50	21			-234			82		
4410	1988	1	10	18	20	21			-263			77		
4410	1988	1	10	21	70	10			-237			73		
4410	1988	1	11	0	100	15			-217			64		
4410	1988	1	11	3	170	10			-218			75		
4410	1988	1	11	9	270	10			-218			72		
4410	1988	1	11	12	250	10			-220			94		
4410	1988	1	11	15	220	5			-229			96		
4410	1988	1	11	18	200	10			-239			96		
4410	1988	1	12	3	310	26			-240			83		
4410	1988	1	12	6	320	31			-255			82		
4410	1988	1	12	9	310	26			-231			79		
4410	1988	1	12	12	320	31			-218			64		
4410	1988	1	12	15	350	21			-207			59		
4410	1988	1	12	18	10	21			-206			60		
4410	1988	1	12	21	330	15			-184			51		
4410	1988	1	13	0	320	15			-197			52		
4410	1988	1	13	3	290	15			-190			48		
4410	1988	1	13	9	20	26			-226			72		
4410	1988	1	13	12	340	26			-231			70		
4410	1988	1	13	15	340	26			-191			59		
4410	1988	1	13	18	340	21			-189			54		
4410	1988	1	13	21	20	21			-170			35		
4410	1988	1	14	0	330	15			-185			39		
4410	1988	1	14	3	320	5			-171			39		
4410	1988	1	14	6	310	10			-185			41		
4410	1988	1	14	9	260	5			-171			35		
4410	1988	1	14	12	180	10			-181			37		
4410	1988	1	14	15	150	15			-171			35		
4410	1988	1	14	18	150	26			-170			35		
4410	1988	1	14	21	150	26			-174			34		
4410	1988	1	15	0	130	26			-183			37		
4410	1988	1	15	3	140	31			-199			41		
4410	1988	1	15	6	160	26			-193			41		
4410	1988	1	15	9	170	21			-200			39		
4410	1988	1	15	12	220	15			-202			39		
4410	1988	1	15	15	240	15			-210			39		
4410	1988	1	15	18	260	15			-199			33		
4410	1988	1	15	21	180	10			-197			88		
4410	1988	1	16	0	150	26			-195			90		
4410	1988	1	16	9	140	57			-153			97		
4410	1988	1	16	12	140	57			-141			98		
4410	1988	1	16	15	130	57			-131			98		
4410	1988	1	16	18	150	46			-131			98		
4410	1988	1	17	3	260	15			-186			97		
4410	1988	1	17	9	220	21			-262			95		
4410	1988	1	17	12	220	21			-260			95		
4410	1988	1	17	15	270	26			-262			96		
4410	1988	1	17	18	260	21			-273			95		
4410	1988	1	18	0	230	21			-293			95		
4410	1988	1	18	3	200	15			-320			95		
4410	1988	1	18	6	240	10			-290			95		
4410	1988	1	18	9	190	10			-267			95		
4410	1988	1	18	12	250	10			-267			95		
4410	1988	1	18	15	240	10			-292			79		
4410	1988	1	18	18	190	10			-283			82		
4410	1988	1	18	21	230	10			-295			72		
4410	1988	1	19	0	190	10			-303			73		
4410	1988	1	19	3	270	21			-305			75		
4410	1988	1	19	6	290	26			-303			75		
4410	1988	1	19	9	290	31			-301			68		
4410	1988	1	19	12	310	21			-295			61		
4410	1988	1	19	15	310	15			-288			54		
4410	1988	1	19	18	240	15			-286			48		
4410	1988	1	19	21	260	5			-292			49		
4410	1988	1	20	0	190	10			-291			54		
4410	1988	1	20	3	200	21			-285			65		
4410	1988	1	20	9	230	10			-288			94		
4410	1988	1	20	12	10	5			-285			95		
4410	1988	1	20	15	20	10			-295			94		
4410	1988	1	20	18	30	15			-291			94		
4410	1988	1	20	21	70	10			-293			94		
4410	1988	1	21	0	150	10			-279			95		
4410	1988	1	21	3	120	10			-274			95		
4410	1988	1	24	18	280	26			-278			53		
4410	1988	1	24	21	280	26			-245			70		
4410	1988	1	25	0	330	26			-310			80		
4410	1988	1	25	3	310	46			-294			83		
4410	1988	1	25	6	320	41			-300			77		
4410	1988	1	25	9	330	31			-319			74		
4410	1988	1	25	12	330	31			-309			72		
4410	1988	1	25	15	320	21			-332			74		
4410	1988	1	25	18	300	26			-326			77		
4410	1988	1	25	21	310	36			-311			78		
4410	1988	1	26	0	300	41			-299			77		
4410	1988	1	26	3	340	31			-272			69		
4410	1988	1	26	6	300	21			-225			56		
4410	1988	1	26	9	190	10			-215			43		
4410	1988	1	26	12	180	26			-229			50		
4410	1988	1	26	15	200	31			-222			84		
4410	1988	1	26	18	200	51			-216			95		
4410	1988	1	26	21	200	51			-211			95		
4410	1988	1	27	9	160	57			-174			97		
4410	1988	1	28	0	220	10			-219			95		
4410	1988	1	28	15	140	36			-172			97		
4410	1988	1	28	18	150	31			-160			97		
4410	1988	1	29	3	110	26			-195			92		
4410	1988	1	29	15	90	15			-201			77		
4410	1988	1	29	18	60	21			-212			75		
4410	1988	1	29	21	80	26			-214			72		
4410	1988	1	30	0	70	31			-232			77		
4410	1988	1	30	3	60	26			-223			77		
4410	1988	1	30	9	60	21			-215			80		
4410	1988	1	30	12	80	26			-217			84		
4410	1988	1	31	18	70	5			-231			96		
4410	1988	1	31	21	50	10			-217			17		
4410	1988	2	2	0	360	5			-216			92		
4410	1988	2	2	3	360	5			-221			93		
4410	1988	2	2	6	360	5			-219			93		
4410	1988	2	2	9	20	10			-221			86		
4410	1988	2	2	12	360	5			-225			85		
4410	1988	2	2	15	10	5			-214			77		
4410	1988	2	2	18	20	5			-232			83		
4410	1988	2	2	21	290	5			-262			87		
4410	1988	2	3	0	0	0			-275			95		
4410	1988	2	3	3	320	5			-282			95		
4410	1988	2	3	6	40	5			-277			94		
4410	1988	2	3	9	40	5			-306			94		
4410	1988	2	3	12	20	5			-312			93		
4410	1988	2	3	15	0	0			-311			93		
4410	1988	2	3	18	0	0			-318			93		
4410	1988	2	3	21	10	5			-326			94		
4410	1988	2	4	0	30	5			-324			93		
4410	1988	2	4	3	90	5			-324			93		
4410	1988	2	4	6	60	5			-341			93		
4410	1988	2	4	9	100	5			-325			93		
4410	1988	2	4	12	100	10			-344			93		
4410	1988	2	4	15	90	10			-323			93		
4410	1988	2	4	18	100	10			-323			93		
4410	1988	2	4	21	100	10			-315			93		
4410	1988	2	5	3	120	15			-326			93		
4410	1988	2	5	6	130	15			-325			93		
4410	1988	2	5	9	140	10			-314			93		
4410	1988	2	5	12	120	5			-319			93		
4410	1988	2	5	15	120	5			-292			94		
4410	1988	2	5	18	120	5			-302			94		
4410	1988	2	6	0	100	5			-287			94		
4410	1988	2	6	3	100	5			-259			95		
4410	1988	2	6	6	100	5			-269			95		
4410	1988	2	6	9	0	0			-280			95		
4410	1988	2	6	12	0	0			-266			94		
4410	1988	2	6	15	100	5			-251			95		
4410	1988	2	6	18	0	0			-281			95		
4410	1988	2	6	21	100	5			-264			95		
4410	1988	2	7	0	100	10			-260			95		
4410	1988	2	7	3	170	5			-271			95		
4410	1988	2	7	6	110	5			-273			95		
4410	1988	2	7	9	140	5			-259			95		
4410	1988	2	7	12	0	0			-259			95		
4410	1988	2	7	15	200	5			-251			95		
4410	1988	2	7	18	270	5			-257			91		
4410	1988	2	7	21	310	5			-254			72		
4410	1988	2	8	0	310	10			-247			54		
4410	1988	2	8	3	300	5			-248			60		
4410	1988	2	8	9	190	5			-263			72		
4410	1988	2	8	12	0	0			-259			77		
4410	1988	2	8	15	120	5			-236			76		
4410	1988	2	8	18	340	5			-263			72		
4410	1988	2	8	21	40	5			-225			52		
4410	1988	2	9	0	50	15			-222			37		
4410	1988	2	9	3	20	15			-216			51		
4410	1988	2	9	9	350	15			-232			45		
4410	1988	2	9	12	350	21			-227			47		
4410	1988	2	9	15	20	15			-220			48		
4410	1988	2	9	18	350	21			-242			50		
4410	1988	2	10	0	340	21			-255			55		
4410	1988	2	10	3	340	21			-251			52		
4410	1988	2	10	9	40	15			-263			56		
4410	1988	2	10	12	100	21			-235			43		
4410	1988	2	10	15	120	21			-232			96		
4410	1988	2	10	18	100	10			-241			97		
4410	1988	2	11	3	90	10			-225			96		
4410	1988	2	11	6	80	10			-238			96		
4410	1988	2	11	9	100	10			-251			96		
4410	1988	2	11	12	70	10			-242			96		
4410	1988	2	11	21	40	10			-225			96		
4410	1988	2	12	9	360	5			-220			96		
4410	1988	2	12	12	340	10			-228			96		
4410	1988	2	12	15	350	15			-230			96		
4410	1988	2	12	18	360	10			-225			96		
4410	1988	2	12	21	360	5			-228			96		
4410	1988	2	13	0	340	10			-225			95		
4410	1988	2	13	3	40	10			-244			96		
4410	1988	2	13	6	10	5			-233			96		
4410	1988	2	13	9	330	5			-231			96		
4410	1988	2	13	12	360	10			-228			96		
4410	1988	2	14	6	30	26			-181					
4410	1988	2	15	3	40	15			-173			97		
4410	1988	2	15	15	350	10			-176			97		
4410	1988	2	16	12	130	5			-187			97		
4410	1988	2	17	0	150	10			-187			97		
4410	1988	2	17	15	100	15			-184			97		
4410	1988	2	19	0	0	0			-244			96		
4410	1988	2	19	3	0	0			-247			96		
4410	1988	2	19	9	110	26						100		
4410	1988	2	20	9	360	154			-401					
4410	1988	2	22	15	190	5			-180			97		
4410	1988	2	23	3	250	21			-166			97		
4410	1988	2	23	6	210	15			-142			98		
4410	1988	2	23	15	180	26			-108			98		
4410	1988	2	23	18	150	36			-107			99		
4410	1988	2	23	21	140	46			-119			98		
4410	1988	2	24	0	130	51			-116			98		
4410	1988	2	24	3	140	46			-111			98		
4410	1988	2	24	6	220	41			-130			98		
4410	1988	2	24	9	220	26			-199			97		
4410	1988	2	25	15	280	5			-168			75		
4410	1988	2	25	18	200	5			-187			92		
4410	1988	2	25	21	240	10			-197			75		
4410	1988	2	26	3	280	31			-173			67		
4410	1988	2	26	9	210	15			-199			73		
4410	1988	2	26	12	250	15			-184			72		
4410	1988	2	26	15	260	15			-178			71		
4410	1988	2	26	18	240	26			-221			74		
4410	1988	2	26	21	270	26			-245			83		
4410	1988	2	27	0	280	26			-225			81		
4410	1988	2	27	3	310	26			-231			84		
4410	1988	2	27	9	330	26			-272			92		
4410	1988	2	27	12	320	31			-268			92		
4410	1988	2	27	15	310	36			-262			92		
4410	1988	2	27	18	330	57			-266			93		
4410	1988	2	27	21	330	31			-279			94		
4410	1988	2	28	0	330	31			-279			94		
4410	1988	2	28	3	340	36			-289			93		
4410	1988	2	28	9	20	21			-301			94		
4410	1988	2	28	12	320	15			-272			94		
4410	1988	2	28	15	280	15			-223			74		
4410	1988	2	28	18	200	10			-225			65		
4410	1988	2	28	21	190	21			-238			93		
4410	1988	2	29	0	260	31			-218			92		
4410	1988	2	29	3	290	41			-202			88		
4410	1988	2	29	9	320	46			-212			85		
4410	1988	2	29	12	320	41			-209			80		
4410	1988	2	29	15	320	41			-201			79		
4410	1988	2	29	18	230	26			-183			67		
4410	1988	3	1	3	240	36			-136			98		
4410	1988	3	1	12	310	41			-187			97		
4410	1988	3	1	18	330	31			-219			95		
4410	1988	3	2	9	330	46			-235			96		
4410	1988	3	2	12	320	46			-238			96		
4410	1988	3	2	15	310	21			-240			95		
4410	1988	3	2	18	320	21			-217			90		
4410	1988	3	2	21	300	26			-221			84		
4410	1988	3	3	0	310	41			-230			95		
4410	1988	3	3	3	320	57			-232			93		
4410	1988	3	3	6	320	46			-222			91		
4410	1988	3	3	9	320	46			-230			91		
4410	1988	3	3	12	330	51			-215			86		
4410	1988	3	3	15	310	41			-212			81		
4410	1988	3	3	18	310	36			-201			70		
4410	1988	3	3	21	280	31			-206			63		
4410	1988	3	4	0	240	15			-218			75		
4410	1988	3	4	3	230	15			-175			75		
4410	1988	3	4	6	240	15			-190			82		
4410	1988	3	4	9	260	26			-172			90		
4410	1988	3	4	12	260	31			-148			88		
4410	1988	3	4	15	270	36			-129			86		
4410	1988	3	4	18	290	36			-115			84		
4410	1988	3	4	21	310	26			-108			78		
4410	1988	3	5	0	250	10			-125			81		
4410	1988	3	5	3	180	10			-122			82		
4410	1988	3	5	6	150	15			-149			94		
4410	1988	3	5	15	170	21			-187			96		
4410	1988	3	5	18	150	26			-205			96		
4410	1988	3	6	0	140	21			-202			96		
4410	1988	3	6	3	120	15			-208			97		
4410	1988	3	6	6	130	21			-211			96		
4410	1988	3	6	9	130	15			-211			96		
4410	1988	3	6	21	130	10			-207			95		
4410	1988	3	7	0	160	10			-221			96		
4410	1988	3	7	3	170	10			-222			96		
4410	1988	3	7	21	110	51			-206			96		
4410	1988	3	8	6	340	15			-230			96		
4410	1988	3	8	9	300	10			-241			96		
4410	1988	3	8	12	260	21			-235			96		
4410	1988	3	8	15	260	21			-231			95		
4410	1988	3	8	18	220	15			-230			96		
4410	1988	3	8	21	310	10			-240			96		
4410	1988	3	9	0	360	10			-260			96		
4410	1988	3	9	3	10	10			-262			95		
4410	1988	3	9	9	0	0			-285			95		
4410	1988	3	9	12	330	5			-230			96		
4410	1988	3	9	15	340	5			-230			96		
4410	1988	3	9	18	330	5			-249			96		
4410	1988	3	9	21	330	5			-290			94		
4410	1988	3	10	0	340	5			-282			95		
4410	1988	3	10	3	340	10			-277			95		
4410	1988	3	10	6	340	15			-314			94		
4410	1988	3	10	9	20	10			-309			94		
4410	1988	3	10	12	340	10			-288			94		
4410	1988	3	10	15	330	15			-299			94		
4410	1988	3	10	18	350	10			-289			94		
4410	1988	3	10	21	10	5			-325			95		
4410	1988	3	11	0	0	0			-327			94		
4410	1988	3	11	3	0	0			-319			94		
4410	1988	3	11	6	360	5			-322			94		
4410	1988	3	11	9	350	5			-306			94		
4410	1988	3	11	12	360	5			-224			96		
4410	1988	3	11	15	340	5			-265			95		
4410	1988	3	11	18	360	10			-264			95		
4410	1988	3	11	21	360	10			-315			94		
4410	1988	3	12	0	340	10			-312			94		
4410	1988	3	12	3	20	10			-317			94		
4410	1988	3	12	6	340	5			-313			94		
4410	1988	3	12	9	10	5			-296			94		
4410	1988	3	12	12	20	5			-251			95		
4410	1988	3	12	15	360	5			-242			96		
4410	1988	3	12	18	0	0			-238			94		
4410	1988	3	12	21	0	0			-291			94		
4410	1988	3	13	0	40	5			-299			94		
4410	1988	3	13	3	0	0			-307			94		
4410	1988	3	13	6	0	0			-282			95		
4410	1988	3	13	9	340	5			-271			95		
4410	1988	3	13	12	340	10			-220			96		
4410	1988	3	13	15	340	5			-225			96		
4410	1988	3	13	18	360	10			-228			96		
4410	1988	3	13	21	360	10			-268			95		
4410	1988	3	14	0	10	10			-280			95		
4410	1988	3	14	3	40	15			-256			96		
4410	1988	3	14	6	80	26			-282			90		
4410	1988	3	14	9	100	26			-267			83		
4410	1988	3	14	12	120	31			-259			76		
4410	1988	3	14	15	100	26			-259			72		
4410	1988	3	14	18	90	26			-254			72		
4410	1988	3	14	21	80	10			-269			74		
4410	1988	3	15	0	80	10			-278			77		
4410	1988	3	15	3	110	10			-297			83		
4410	1988	3	15	6	80	10			-288			80		
4410	1988	3	15	9	320	10			-294			86		
4410	1988	3	15	12	320	10			-266			81		
4410	1988	3	15	15	320	10			-258			79		
4410	1988	3	15	18	330	15			-263			72		
4410	1988	3	15	21	320	21			-277			74		
4410	1988	3	16	3	330	10			-273			74		
4410	1988	3	16	9	100	5			-260			69		
4410	1988	3	16	12	120	10			-237			61		
4410	1988	3	16	15	150	5			-241			58		
4410	1988	3	16	18	200	10			-239			61		
4410	1988	3	16	21	310	5			-288			69		
4410	1988	3	17	3	150	5			-276			69		
4410	1988	3	17	9	130	5			-270			73		
4410	1988	3	17	15	140	5			-213			63		
4410	1988	3	17	18	330	5			-218			51		
4410	1988	3	17	21	350	5			-291			72		
4410	1988	3	18	0	340	10			-286			69		
4410	1988	3	18	3	320	10			-283			68		
4410	1988	3	18	6	310	15			-278			77		
4410	1988	3	18	9	320	10			-264			79		
4410	1988	3	18	12	330	15			-260			70		
4410	1988	3	18	15	340	26			-243			71		
4410	1988	3	18	18	320	21			-237			66		
4410	1988	3	18	21	330	21			-258			69		
4410	1988	3	19	0	320	26			-255			70		
4410	1988	3	19	3	320	26			-255			70		
4410	1988	3	19	9	320	31			-223			69		
4410	1988	3	19	12	310	21			-187			63		
4410	1988	3	19	15	300	26			-180			60		
4410	1988	3	19	18	290	26			-166			37		
4410	1988	3	19	21	300	26			-183			28		
4410	1988	3	20	0	220	10			-214			32		
4410	1988	3	20	3	290	15			-179			30		
4410	1988	3	20	6	270	21			-173			33		
4410	1988	3	20	9	350	26			-127			32		
4410	1988	3	20	12	290	15			-61			7		
4410	1988	3	20	15	240	10			-98			10		
4410	1988	3	20	18	320	21			-109			8		
4410	1988	3	20	21	290	26			-140			21		
4410	1988	3	21	0	320	26			-171			39		
4410	1988	3	21	3	280	26			-174			53		
4410	1988	3	21	6	350	26			-180			62		
4410	1988	3	21	9	150	15			-152			60		
4410	1988	3	21	12	140	21			-165			62		
4410	1988	3	21	15	160	15			-146			63		
4410	1988	3	21	18	190	10			-147			55		
4410	1988	3	21	21	210	10			-197			67		
4410	1988	3	22	6	190	21			-193			51		
4410	1988	3	22	9	360	10								
4410	1988	3	22	12	200	15			-174			63		
4410	1988	3	22	15	150	21			-145			56		
4410	1988	3	22	18	160	15			-170			45		
4410	1988	3	22	21	190	21			-218			67		
4410	1988	3	23	0	180	21			-231			74		
4410	1988	3	23	6	320	26			-231			95		
4410	1988	3	23	9	310	21			-195			93		
4410	1988	3	23	12	310	26			-200			77		
4410	1988	3	23	15	330	26			-167			72		
4410	1988	3	23	18	300	26			-128			63		
4410	1988	3	23	21	280	15			-142			67		
4410	1988	3	24	0	310	26			-152			70		
4410	1988	3	24	3	270	10			-157			74		
4410	1988	3	24	6	310	15			-138			69		
4410	1988	3	24	9	350	10			-146			70		
4410	1988	3	24	12	340	5			-31			37		
4410	1988	3	24	15	250	5			-78			41		
4410	1988	3	24	18	310	10			-125			51		
4410	1988	3	24	21	270	5			-168			72		
4410	1988	3	25	0	220	5			-197			82		
4410	1988	3	25	3	350	10			-204			82		
4410	1988	3	25	9	340	10			-177			74		
4410	1988	3	25	12	340	10			-148			63		
4410	1988	3	27	15	160	31			-159			95		
4410	1988	3	27	18	140	26			-166			96		
4410	1988	3	28	12	100	21			-172			96		
4410	1988	3	28	15	100	21			-162			94		
4410	1988	3	28	18	90	26			-182			94		
4410	1988	3	28	21	90	21			-204			96		
4410	1988	3	29	21	220	10			-226			96		
4410	1988	3	30	3	220	15			-255			96		
4410	1988	3	30	9	310	15			-220			93		
4410	1988	3	30	12	320	26			-197			85		
4410	1988	3	30	15	310	21			-191			67		
4410	1988	3	30	18	310	21			-206			62		
4410	1988	3	30	21	340	26			-258			81		
4410	1988	3	31	0	10	26			-303			95		
4410	1988	3	31	3	350	26			-301			94		
4410	1988	3	31	6	10	26			-314			94		
4410	1988	3	31	9	340	21			-308			93		
4410	1988	3	31	12	330	21			-276			81		
4410	1988	3	31	15	310	26			-294			81		
4410	1988	3	31	18	330	41			-291			79		
4410	1988	3	31	21	310	41			-305			81		
4410	1988	4	1	0	290	36			-310			82		
4410	1988	4	1	3	290	31			-297			77		
4410	1988	4	1	6	280	31			-286			77		
4410	1988	4	1	9	230	26			-276			77		
4410	1988	4	1	12	220	21			-232			75		
4410	1988	4	1	15	200	26			-218			74		
4410	1988	4	1	18	210	21			-223			76		
4410	1988	4	1	21	260	26			-277			86		
4410	1988	4	2	3	270	36			-283			84		
4410	1988	4	2	6	260	31			-224			82		
4410	1988	4	2	12	270	31			-193			74		
4410	1988	4	2	15	260	26			-180			74		
4410	1988	4	2	18	240	21			-159			57		
4410	1988	4	2	21	170	10			-184			67		
4410	1988	4	3	0	100	10			-193			74		
4410	1988	4	3	3	100	26			-210			95		
4410	1988	4	3	9	80	36			-222			96		
4410	1988	4	3	12	100	36			-230			96		
4410	1988	4	3	15	100	31			-226			96		
4410	1988	4	3	18	70	26			-215			96		
4410	1988	4	3	21	40	15			-255			96		
4410	1988	4	4	0	70	21			-255			96		
4410	1988	4	4	3	90	21			-246			96		
4410	1988	4	4	9	170	5			-221			96		
4410	1988	4	4	12	50	5			-208			96		
4410	1988	4	4	15	90	10			-187			95		
4410	1988	4	4	18	110	5			-214			96		
4410	1988	4	4	21	130	10			-264			95		
4410	1988	4	5	0	0	0			-285			95		
4410	1988	4	5	3	100	5			-284			95		
4410	1988	4	5	9	130	10			-275			95		
4410	1988	4	5	12	120	10			-242			96		
4410	1988	4	5	18	0	0			-135			98		
4410	1988	4	5	21	0	0			-294			95		
4410	1988	4	6	0	340	5			-325			96		
4410	1988	4	6	3	360	5			-334			94		
4410	1988	4	6	6	340	5			-328			94		
4410	1988	4	6	9	320	10			-307			94		
4410	1988	4	6	12	350	15			-274			95		
4410	1988	4	6	15	340	5			-272			95		
4410	1988	4	6	18	330	15			-299			93		
4410	1988	4	6	21	330	26			-299			94		
4410	1988	4	7	0	360	15			-309			94		
4410	1988	4	7	3	340	21			-313			93		
4410	1988	4	7	6	360	21			-318			93		
4410	1988	4	7	9	360	15			-283			92		
4410	1988	4	7	12	310	21			-277			90		
4410	1988	4	7	15	290	21			-249			86		
4410	1988	4	7	18	300	21			-267			72		
4410	1988	4	7	21	270	21			-295			76		
4410	1988	4	8	0	240	10			-311			80		
4410	1988	4	8	3	200	10			-328			82		
4410	1988	4	8	6	200	21			-320			89		
4410	1988	4	8	9	210	26			-299			94		
4410	1988	4	8	12	220	15			-277			93		
4410	1988	4	8	15	280	15			-267			91		
4410	1988	4	8	18	80	10			-246			80		
4410	1988	4	8	21	130	10			-300			94		
4410	1988	4	9	0	90	21			-334			93		
4410	1988	4	9	3	70	26			-339					
4410	1988	4	9	6	90	21			-340			93		
4410	1988	4	9	9	30	26			-325			93		
4410	1988	4	9	12	10	21			-294			94		
4410	1988	4	9	18	340	26			-281			91		
4410	1988	4	9	21	360	26			-288			92		
4410	1988	4	10	0	340	26			-311			93		
4410	1988	4	10	3	350	36			-309			93		
4410	1988	4	10	6	340	31			-315			91		
4410	1988	4	10	9	350	26			-271			88		
4410	1988	4	10	12	30	21			-214			82		
4410	1988	4	10	15	320	21			-257			87		
4410	1988	4	10	18	340	21			-240			86		
4410	1988	4	10	21	20	15			-279			94		
4410	1988	4	11	0	340	21			-306			93		
4410	1988	4	11	3	350	26			-302			94		
4410	1988	4	11	6	40	10			-329			93		
4410	1988	4	11	9	350	5			-264			94		
4410	1988	4	11	12	350	5			-206			88		
4410	1988	4	11	15	320	10			-266			84		
4410	1988	4	11	18	340	15			-249			82		
4410	1988	4	11	21	20	21			-293			88		
4410	1988	4	12	0	20	21			-284			86		
4410	1988	4	12	3	340	15			-283			88		
4410	1988	4	12	6	360	21			-294			90		
4410	1988	4	12	9	10	21			-240			86		
4410	1988	4	12	12	20	15			-202			77		
4410	1988	4	12	15	10	15			-173			63		
4410	1988	4	12	18	360	10			-175			49		
4410	1988	4	12	21	360	15			-211			62		
4410	1988	4	13	0	350	15			-232			82		
4410	1988	4	13	3	10	21			-249			80		
4410	1988	4	13	6	10	15			-212			63		
4410	1988	4	13	9	350	15			-192			54		
4410	1988	4	13	18	330	15			-172			37		
4410	1988	4	13	21	340	21			-212			67		
4410	1988	4	14	0	340	21			-237			88		
4410	1988	4	14	3	340	26			-241			92		
4410	1988	4	14	9	360	21			-216			84		
4410	1988	4	14	12	340	15			-166			72		
4410	1988	4	14	15	340	15			-189			74		
4410	1988	4	14	18	350	26			-195			74		
4410	1988	4	14	21	340	26			-223			82		
4410	1988	4	15	0	340	21			-247			90		
4410	1988	4	15	3	20	26			-254			93		
4410	1988	4	15	9	10	10			-202			85		
4410	1988	4	15	12	340	21			-224			91		
4410	1988	4	15	15	330	41			-240			92		
4410	1988	4	15	18	340	51			-250			91		
4410	1988	4	15	21	340	41			-283			91		
4410	1988	4	16	0	350	26			-310			92		
4410	1988	4	16	3	340	31			-304			93		
4410	1988	4	16	9	360	31			-258			94		
4410	1988	4	16	12	320	36			-247			90		
4410	1988	4	16	15	340	31			-225			91		
4410	1988	4	16	18	320	41			-212			89		
4410	1988	4	16	21	320	36			-230			89		
4410	1988	4	17	0	340	31			-234			91		
4410	1988	4	17	3	10	26			-223			89		
4410	1988	4	17	6	340	26			-229			85		
4410	1988	4	17	9	340	26			-205			76		
4410	1988	4	17	12	330	31			-180			62		
4410	1988	4	17	15	330	21			-179			62		
4410	1988	4	17	18	340	26			-171			59		
4410	1988	4	17	21	340	36			-211			77		
4410	1988	4	18	0	360	46			-230			82		
4410	1988	4	18	3	320	21			-206			81		
4410	1988	4	18	6	360	31			-241			86		
4410	1988	4	18	9	340	21			-199			84		
4410	1988	4	18	12	340	26			-180			80		
4410	1988	4	18	15	340	21			-158			76		
4410	1988	4	18	18	330	15			-159			67		
4410	1988	4	19	0	340	31			-203			82		
4410	1988	4	19	3	20	26			-216			81		
4410	1988	4	19	6	360	26			-191			79		
4410	1988	4	19	9	330	21			-186			72		
4410	1988	4	19	12	350	21			-145			67		
4410	1988	4	19	15	30	15			-131			67		
4410	1988	4	19	18	20	10			-93			52		
4410	1988	4	19	21	290	10			-153			67		
4410	1988	4	20	6	320	26			-178			89		
4410	1988	4	20	9	350	21			-136			79		
4410	1988	4	20	12	320	10			-152			67		
4410	1988	4	20	15	290	21			-95			53		
4410	1988	4	20	18	340	10			-105			35		
4410	1988	4	20	21	70	10			-129			47		
4410	1988	4	21	9	220	10			-186			93		
4410	1988	4	21	12	220	10			-152			82		
4410	1988	4	21	15	210	10			-145			88		
4410	1988	4	21	18	310	10			-187			78		
4410	1988	4	21	21	330	21			-220			86		
4410	1988	4	22	0	330	31			-222			81		
4410	1988	4	22	3	310	31			-221			93		
4410	1988	4	22	9	300	26			-205			85		
4410	1988	4	22	12	300	26			-208			85		
4410	1988	4	22	15	310	41			-204			86		
4410	1988	4	22	18	320	46			-200			87		
4410	1988	4	22	21	310	51			-215			88		
4410	1988	4	23	0	320	46			-229			85		
4410	1988	4	23	3	310	31			-215			79		
4410	1988	4	23	9	280	26			-166			52		
4410	1988	4	23	12	280	26			-136			37		
4410	1988	4	23	15	310	26			-127			28		
4410	1988	4	23	18	300	31			-116			24		
4410	1988	4	23	21	300	31			-131			39		
4410	1988	4	24	0	310	36			-133			61		
4410	1988	4	24	3	310	31			-156			77		
4410	1988	4	24	9	310	57			-132			85		
4410	1988	4	24	12	330	46			-103			77		
4410	1988	4	24	15	340	31			-81			74		
4410	1988	4	24	18	320	26			-51			56		
4410	1988	4	24	21	320	21			-79			61		
4410	1988	4	25	0	120	15			-106			72		
4410	1988	4	25	3	190	5			-84			71		
4410	1988	4	25	9	270	10			-52			63		
4410	1988	4	25	12	260	10			-52			63		
4410	1988	4	25	15	220	15			-21			67		
4410	1988	4	25	18	230	10			-48			74		
4410	1988	4	26	0	160	26			-68			82		
4410	1988	4	26	3	170	21			-76			95		
4410	1988	4	26	9	180	26			-28			90		
4410	1988	4	26	12	220	21			-10			86		
4410	1988	4	26	15	150	10			6			72		
4410	1988	4	26	18	140	15			-18			85		
4410	1988	4	26	21	150	31			-49			99		
4410	1988	4	27	0	220	41			-93			98		
4410	1988	4	27	3	220	41			-133			97		
4410	1988	4	27	6	230	36			-134			98		
4410	1988	4	27	12	280	41			-121			95		
4410	1988	4	27	15	300	46			-104			93		
4410	1988	4	27	18	280	41			-110			90		
4410	1988	4	27	21	270	26			-135			85		
4410	1988	4	28	0	330	31			-156			92		
4410	1988	4	28	3	310	31			-168			90		
4410	1988	4	28	6	330	31			-178			85		
4410	1988	4	28	9	300	41			-168			77		
4410	1988	4	28	12	320	36			-134			63		
4410	1988	4	28	15	340	26			-96			49		
4410	1988	4	28	18	260	10			-47			8		
4410	1988	4	28	21	240	10			-91			5		
4410	1988	4	29	0	280	15			-123			12		
4410	1988	4	29	3	320	31			-145			53		
4410	1988	4	29	6	330	57			-171			82		
4410	1988	4	29	9	320	62			-174			68		
4410	1988	4	29	12	320	62			-178			74		
4410	1988	4	29	15	310	62			-181			79		
4410	1988	4	29	18	310	51			-173			76		
4410	1988	4	29	21	330	41			-182			74		
4410	1988	4	30	3	330	31			-192			62		
4410	1988	4	30	6	340	31			-181			60		
4410	1988	4	30	9	330	36			-150			59		
4410	1988	4	30	12	340	31			-124			63		
4410	1988	4	30	15	320	26			-117			67		
4410	1988	4	30	18	330	21			-100			62		
4410	1988	4	30	21	330	26			-116			61		
4410	1988	5	1	0	350	21			-133			49		
4410	1988	5	1	3	340	15			-123			28		
4410	1988	5	1	6	100	10			-98			21		
4410	1988	5	1	9	150	10			-84			17		
4410	1988	5	1	12	150	10			-78			21		
4410	1988	5	1	15	190	10			-59			52		
4410	1988	5	1	18	140	10			-113			67		
4410	1988	5	1	21	120	10			-153			85		
4410	1988	5	2	0	100	5			-177			97		
4410	1988	5	2	3	100	5			-190			97		
4410	1988	5	2	9	110	10			-166			93		
4410	1988	5	2	12	230	5			-70			51		
4410	1988	5	2	15	230	5			-139			75		
4410	1988	5	2	18	240	5			-97			67		
4410	1988	5	2	21	250	5			-159			76		
4410	1988	5	3	0	230	5			-226			94		
4410	1988	5	3	3	200	10			-225			96		
4410	1988	5	3	9	180	10			-150			93		
4410	1988	5	3	12	190	10			-169			84		
4410	1988	5	3	15	190	31			-177			89		
4410	1988	5	3	18	190	21			-175			86		
4410	1988	5	3	21	190	10			-168			74		
4410	1988	5	4	0	180	15			-212			93		
4410	1988	5	4	3	190	15			-207			95		
4410	1988	5	4	9	130	15			-175			91		
4410	1988	5	4	12	110	21			-164			89		
4410	1988	5	4	15	140	21			-135			86		
4410	1988	5	4	18	110	21			-152			86		
4410	1988	5	4	21	120	26			-180			93		
4410	1988	5	5	0	100	26			-212			96		
4410	1988	5	5	3	90	36			-189			95		
4410	1988	5	5	9	90	31			-174			95		
4410	1988	5	5	12	90	36			-161			92		
4410	1988	5	5	15	90	41			-177			93		
4410	1988	5	5	18	100	57			-187			94		
4410	1988	5	5	21	70	41			-183			94		
4410	1988	5	6	3	90	57			-179			96		
4410	1988	5	6	6	90	51			-174			95		
4410	1988	5	6	12	90	51			-159			96		
4410	1988	5	6	15	90	51			-148			95		
4410	1988	5	7	0	90	62			-141			98		
4410	1988	5	7	3	100	57			-145			98		
4410	1988	5	7	6	130	26			-145			97		
4410	1988	5	7	9	0	0			-100			98		
4410	1988	5	7	12	100	5			-91			99		
4410	1988	5	7	15	90	26			-110			98		
4410	1988	5	7	18	90	57			-133			98		
4410	1988	5	7	21	100	62			-136			98		
4410	1988	5	8	0	90	67			-130			98		
4410	1988	5	8	6	170	21			-159			97		
4410	1988	5	8	9	190	36			-141			98		
4410	1988	5	8	12	200	36			-134			98		
4410	1988	5	8	15	150	26			-129			98		
4410	1988	5	8	18	140	26			-135			98		
4410	1988	5	8	21	130	21			-160			97		
4410	1988	5	9	0	140	21			-175			97		
4410	1988	5	9	3	150	15			-178			97		
4410	1988	5	9	6	170	10			-156			98		
4410	1988	5	9	9	0	0			-131			97		
4410	1988	5	9	12	60	10			-146			90		
4410	1988	5	9	15	360	15			-120			85		
4410	1988	5	9	18	350	26			-152			93		
4410	1988	5	10	9	150	10			-142			91		
4410	1988	5	10	12	200	15			-134			91		
4410	1988	5	10	15	190	21			-109			89		
4410	1988	5	10	18	190	10			-112			85		
4410	1988	5	10	21	140	10			-124			81		
4410	1988	5	11	0	120	10			-173			96		
4410	1988	5	11	3	170	10			-188			97		
4410	1988	5	11	9	220	5			-109			77		
4410	1988	5	11	12	220	5			-95			59		
4410	1988	5	11	15	250	10			-102			67		
4410	1988	5	11	18	220	10			-116			71		
4410	1988	5	11	21	260	15			-163			70		
4410	1988	5	12	0	300	21			-187			59		
4410	1988	5	12	3	290	31			-175			56		
4410	1988	5	12	9	290	31			-127			41		
4410	1988	5	12	12	260	31			-100			54		
4410	1988	5	12	15	270	26			-66			65		
4410	1988	5	12	18	310	26			-46			61		
4410	1988	5	12	21	330	26			-68			65		
4410	1988	5	13	0	330	31			-28			67		
4410	1988	5	13	3	340	21			-29			70		
4410	1988	5	13	9	330	21			7			64		
4410	1988	5	13	12	350	21			53			52		
4410	1988	5	13	15	340	10			53			52		
4410	1988	5	13	18	300	10			58			45		
4410	1988	5	14	0	130	10			-33			79		
4410	1988	5	14	9	180	15			10			67		
4410	1988	5	14	15	220	10			1			71		
4410	1988	5	14	18	230	15			1			69		
4410	1988	5	14	21	250	26			-42			77		
4410	1988	5	15	0	280	31			-73			84		
4410	1988	5	15	6	320	21			-88			85		
4410	1988	5	15	9	340	15			-54			77		
4410	1988	5	15	12	330	26			-74			80		
4410	1988	5	15	15	310	31			-68			77		
4410	1988	5	15	18	350	26			-14			52		
4410	1988	5	15	21	20	10			-55			41		
4410	1988	5	16	6	340	36			-88			69		
4410	1988	5	16	9	330	36			-74			77		
4410	1988	5	16	12	350	26			-32			67		
4410	1988	5	16	15	340	21			-20			52		
4410	1988	5	16	18	340	21			40			30		
4410	1988	5	16	21	320	21			-16			43		
4410	1988	5	17	0	320	26			-22			50		
4410	1988	5	17	3	360	26			-48			71		
4410	1988	5	17	6	20	26			-33			66		
4410	1988	5	17	9	350	26			-9			63		
4410	1988	5	17	12	350	26			-7			67		
4410	1988	5	17	15	340	15			2			71		
4410	1988	5	17	18	330	15			-18			74		
4410	1988	5	17	21	350	21			-4			71		
4410	1988	5	18	0	50	10			-39			72		
4410	1988	5	18	3	50	5			-42			74		
4410	1988	5	18	6	150	5			-26			72		
4410	1988	5	18	9	330	10			29			64		
4410	1988	5	18	12	310	10			-25			74		
4410	1988	5	18	15	330	15			-23			79		
4410	1988	5	18	18	330	10			-18			79		
4410	1988	5	18	21	330	10			-60			86		
4410	1988	5	19	0	30	10			-84			98		
4410	1988	5	19	3	30	10			-101			98		
4410	1988	5	19	6	30	10			-86			97		
4410	1988	5	19	9	340	10			-100			95		
4410	1988	5	19	12	340	15			-54			82		
4410	1988	5	19	15	340	21			-39			69		
4410	1988	5	19	18	330	10			-51			57		
4410	1988	5	19	21	350	10			-100			87		
4410	1988	5	20	0	320	15			-145			98		
4410	1988	5	20	3	350	5			-140			98		
4410	1988	5	20	6	350	10			-122			96		
4410	1988	5	20	9	320	15			-54			76		
4410	1988	5	20	12	340	10			-53			41		
4410	1988	5	20	15	340	21			-71			62		
4410	1988	5	20	18	20	15			-41			56		
4410	1988	5	20	21	50	15			-77			63		
4410	1988	5	21	3	260	5			-140			91		
4410	1988	5	21	6	290	5			-95			85		
4410	1988	5	21	9	190	5			-45			50		
4410	1988	5	21	12	200	10			-59			65		
4410	1988	5	21	15	190	15			-69			82		
4410	1988	5	21	18	200	15			-69			84		
4410	1988	5	21	21	150	10			-109			90		
4410	1988	5	22	3	180	10			-138			98		
4410	1988	5	22	9	220	10			-103			95		
4410	1988	5	22	12	190	21			-38			79		
4410	1988	5	22	15	190	15			-51			83		
4410	1988	5	22	18	170	26			-52			91		
4410	1988	5	22	21	140	26			-62			98		
4410	1988	5	23	0	140	31			-67			100		
4410	1988	5	23	3	140	36			-68			99		
4410	1988	5	23	9	150	21			-34			100		
4410	1988	5	23	12	180	15			-4			91		
4410	1988	5	23	15	150	26			6			91		
4410	1988	5	23	18	150	26			17			88		
4410	1988	5	24	0	180	21			-42			99		
4410	1988	5	24	3	240	15			-54			100		
4410	1988	5	24	6	280	10			-23			89		
4410	1988	5	24	9	330	15			3			71		
4410	1988	5	24	12	280	10			34			47		
4410	1988	5	24	15	320	21			6			67		
4410	1988	5	24	18	330	21			-7			63		
4410	1988	5	24	21	330	26			-9			58		
4410	1988	5	25	3	350	15			-36			65		
4410	1988	5	25	6	340	15			-23			65		
4410	1988	5	25	9	360	15			18			50		
4410	1988	5	25	12	10	10			96			21		
4410	1988	5	25	15	330	5			23			37		
4410	1988	5	25	18	340	15			26			34		
4410	1988	5	25	21	360	15			37			30		
4410	1988	5	26	0	20	10			-11			35		
4410	1988	5	26	3	30	10			-38			55		
4410	1988	5	26	6	100	10			-15			43		
4410	1988	5	26	9	140	15			-22			65		
4410	1988	5	26	12	180	15			30			52		
4410	1988	5	26	15	190	10			24			55		
4410	1988	5	26	18	260	10			120			37		
4410	1988	5	26	21	250	10			-15			53		
4410	1988	5	27	0	310	10			-44			59		
4410	1988	5	27	3	350	15			-56			64		
4410	1988	5	27	6	330	10			-17			45		
4410	1988	5	27	9	70	10			-16			51		
4410	1988	5	27	12	130	15			-14			65		
4410	1988	5	27	15	220	10			16			61		
4410	1988	5	27	18	320	10			-33			63		
4410	1988	5	27	21	340	15			-79			85		
4410	1988	5	28	0	340	26			-91			98		
4410	1988	5	28	3	10	15			-100			99		
4410	1988	5	28	6	350	10			-77			94		
4410	1988	5	28	9	350	10			-33			67		
4410	1988	5	28	12	30	10			45			47		
4410	1988	5	28	15	330	5			-25			67		
4410	1988	5	28	18	350	10			-23			65		
4410	1988	5	28	21	360	15			-58			76		
4410	1988	5	29	0	360	10			-84			85		
4410	1988	5	29	3	360	10			-94			80		
4410	1988	5	29	6	330	5			-46			59		
4410	1988	5	29	9	0	0			20			23		
4410	1988	5	29	12	170	5			40			26		
4410	1988	5	29	15	230	5			24			37		
4410	1988	5	29	18	160	5			33			41		
4410	1988	5	29	21	0	0			4			26		
4410	1988	5	30	0	140	10			-79			57		
4410	1988	5	30	3	170	10			-92			69		
4410	1988	5	30	9	160	10			-25			54		
4410	1988	5	30	12	160	10			-10			56		
4410	1988	5	30	15	190	10			-13			62		
4410	1988	5	30	18	130	10			-18			62		
4410	1988	5	31	0	140	21			-111			97		
4410	1988	5	31	3	150	15			-105			99		
4410	1988	5	31	12	170	10			-38			80		
4410	1988	5	31	15	220	15			-54			88		
4410	1988	5	31	18	310	15			-34			83		
4410	1988	5	31	21	340	21			-92			93		
4410	1988	6	1	0	330	21			-109			98		
4410	1988	6	1	6	340	21			-93			83		
4410	1988	6	1	9	350	15			-34			41		
4410	1988	6	1	12	10	15			-11			39		
4410	1988	6	1	15	340	10			5			30		
4410	1988	6	1	18	340	15			0			19		
4410	1988	6	1	21	360	10			-2			17		
4410	1988	6	2	0	100	5			-45			32		
4410	1988	6	2	3	20	5			-86			69		
4410	1988	6	2	6	80	10			-68			79		
4410	1988	6	2	9	140	10			-23			65		
4410	1988	6	2	12	200	5			25			45		
4410	1988	6	2	15	250	5			-13			66		
4410	1988	6	2	18	350	5			37			53		
4410	1988	6	2	21	350	5			-39			60		
4410	1988	6	3	3	30	5			-100			95		
4410	1988	6	3	6	10	5			-88			89		
4410	1988	6	3	9	330	5			-26			77		
4410	1988	6	3	12	330	5			-63			79		
4410	1988	6	3	15	320	10			-51			75		
4410	1988	6	3	18	340	10			-70			80		
4410	1988	6	3	21	330	15			-122			89		
4410	1988	6	4	6	60	5			-114			94		
4410	1988	6	4	9	140	5			-92			83		
4410	1988	6	4	12	160	10			-56			72		
4410	1988	6	4	15	220	15			-78			85		
4410	1988	6	4	18	220	15			-88			86		
4410	1988	6	4	21	220	10			-113			92		
4410	1988	6	5	0	220	10			-124			92		
4410	1988	6	5	3	260	10			-131			95		
4410	1988	6	5	9	210	21			-97			83		
4410	1988	6	5	12	210	21			-75			84		
4410	1988	6	5	18	200	15			-30			62		
4410	1988	6	5	21	230	5			6			37		
4410	1988	6	6	0	120	5			-57			43		
4410	1988	6	6	3	80	15			-79			61		
4410	1988	6	6	6	90	15			-82			74		
4410	1988	6	6	9	90	10			-77			85		
4410	1988	6	6	12	80	36			-83			95		
4410	1988	6	6	15	80	31			-74			95		
4410	1988	6	6	18	100	31			-74			95		
4410	1988	6	6	21	100	26			-84			98		
4410	1988	6	7	9	240	5			-14			76		
4410	1988	6	7	12	210	5			32			56		
4410	1988	6	7	15	350	10			-19			72		
4410	1988	6	7	18	290	10			-50			81		
4410	1988	6	8	0	280	26			-90			99		
4410	1988	6	8	3	320	21			-108			99		
4410	1988	6	8	9	290	15			-91			86		
4410	1988	6	8	12	310	26			-68			55		
4410	1988	6	8	15	290	26			-58			56		
4410	1988	6	8	18	270	31			-52			47		
4410	1988	6	8	21	310	36			-68			41		
4410	1988	6	9	0	320	31			-63			41		
4410	1988	6	9	3	300	26			-50			33		
4410	1988	6	9	9	260	21			-28			65		
4410	1988	6	9	12	310	26			-16			65		
4410	1988	6	9	15	330	46			-9			70		
4410	1988	6	9	18	310	36			6			39		
4410	1988	6	9	21	280	31			-9			63		
4410	1988	6	10	0	230	21			-12			81		
4410	1988	6	10	3	230	31			-4			90		
4410	1988	6	10	9	240	41			38			91		
4410	1988	6	10	12	240	57			29			92		
4410	1988	6	10	15	240	51			33			89		
4410	1988	6	10	18	230	57			34			90		
4410	1988	6	10	21	230	46			19			94		
4410	1988	6	11	0	220	41			9			92		
4410	1988	6	11	3	220	57			-20			87		
4410	1988	6	11	9	260	26			-33			83		
4410	1988	6	11	12	270	36			-20			76		
4410	1988	6	11	15	240	31			-22			82		
4410	1988	6	11	18	150	21			18			63		
4410	1988	6	11	21	190	10			74			50		
4410	1988	6	12	0	350	5			-33			69		
4410	1988	6	12	3	280	5			-48			88		
4410	1988	6	12	9	230	10			-45			89		
4410	1988	6	12	12	230	15			-11			81		
4410	1988	6	12	15	230	15			-12			82		
4410	1988	6	12	18	200	15			-4			80		
4410	1988	6	12	21	190	10			26			67		
4410	1988	6	13	0	170	10			-43			83		
4410	1988	6	13	3	150	10			-56			86		
4410	1988	6	13	6	110	26			-58			100		
4410	1988	6	13	9	100	31			-50			99		
4410	1988	6	13	12	130	26			-27			93		
4410	1988	6	13	15	170	26			4			87		
4410	1988	6	13	18	270	15			-31			95		
4410	1988	6	13	21	280	26			-53			98		
4410	1988	6	14	0	310	26			-72			98		
4410	1988	6	14	3	250	15			-76			98		
4410	1988	6	14	6	240	21			-69			88		
4410	1988	6	14	9	250	21			-46			80		
4410	1988	6	14	12	240	26			-33			77		
4410	1988	6	14	15	240	31			-29			76		
4410	1988	6	14	18	190	21			-12			74		
4410	1988	6	14	21	150	10			-34			83		
4410	1988	6	15	0	90	10			-58			99		
4410	1988	6	15	3	120	26			-60			99		
4410	1988	6	15	6	120	36			-73			100		
4410	1988	6	15	9	120	15			-55			99		
4410	1988	6	15	15	130	10			-42			91		
4410	1988	6	15	18	80	10			-51			87		
4410	1988	6	15	21	90	5			-75			91		
4410	1988	6	16	0	0	0			-93			94		
4410	1988	6	16	3	0	0			-106			98		
4410	1988	6	16	6	280	10			-92			98		
4410	1988	6	16	9	290	5			-72			90		
4410	1988	6	16	12	220	5			-67			88		
4410	1988	6	16	15	180	5			-64			88		
4410	1988	6	16	18	160	15			-38			80		
4410	1988	6	16	21	150	15			-72			82		
4410	1988	6	17	0	150	15			-94			89		
4410	1988	6	17	3	100	10			-104			98		
4410	1988	6	17	9	150	21			-57			88		
4410	1988	6	17	12	260	15			-65			91		
4410	1988	6	17	15	220	15			-58			88		
4410	1988	6	17	18	200	21			-67			91		
4410	1988	6	17	21	160	21			-55			85		
4410	1988	6	18	0	190	15			-94			87		
4410	1988	6	18	3	110	10			-95			95		
4410	1988	6	18	9	80	41			-92			98		
4410	1988	6	18	12	40	51			-75			98		
4410	1988	6	18	15	40	41			-76			95		
4410	1988	6	18	18	10	41			-80			95		
4410	1988	6	18	21	340	41			-100			98		
4410	1988	6	19	0	330	57			-108			98		
4410	1988	6	19	3	340	41			-108			97		
4410	1988	6	19	12	100	15			-76			90		
4410	1988	6	19	15	90	26			-82			90		
4410	1988	6	19	18	90	26			-100			92		
4410	1988	6	19	21	90	26			-109			93		
4410	1988	6	20	0	80	21			-123			95		
4410	1988	6	20	3	70	15			-138			97		
4410	1988	6	20	6	50	10			-123			95		
4410	1988	6	20	9	10	10			-72			90		
4410	1988	6	20	12	30	5			-15			69		
4410	1988	6	20	15	340	10			-52			76		
4410	1988	6	20	18	360	21			-86			85		
4410	1988	6	20	21	350	26			-107			94		
4410	1988	6	21	3	350	21			-118			97		
4410	1988	6	21	6	360	10			-112			95		
4410	1988	6	21	9	360	10			-69			88		
4410	1988	6	21	12	40	5			-12			65		
4410	1988	6	21	15	340	10			-42			74		
4410	1988	6	21	18	320	10			-69			77		
4410	1988	6	21	21	340	15			-98			89		
4410	1988	6	22	3	280	15			-126			97		
4410	1988	6	22	6	290	10			-104			95		
4410	1988	6	22	9	310	10			-96			89		
4410	1988	6	22	12	320	15			-96			83		
4410	1988	6	22	15	320	21			-97			85		
4410	1988	6	22	18	310	21			-89			82		
4410	1988	6	22	21	310	15			-92			80		
4410	1988	6	23	0	350	10			-117			89		
4410	1988	6	23	3	350	10			-125			94		
4410	1988	6	23	6	340	10			-105			92		
4410	1988	6	23	9	270	5			-67			80		
4410	1988	6	23	12	310	5			-45			59		
4410	1988	6	23	15	240	10			-71			77		
4410	1988	6	23	18	250	21			-80			83		
4410	1988	6	23	21	230	5			-41			65		
4410	1988	6	24	0	140	10			-105			83		
4410	1988	6	24	3	120	10			-117			97		
4410	1988	6	24	6	120	10			-91			90		
4410	1988	6	24	9	270	5			-9			54		
4410	1988	6	24	12	0	0			-30			53		
4410	1988	6	24	15	260	10			-72			77		
4410	1988	6	24	18	230	21			-96			91		
4410	1988	6	24	21	240	26			-120			90		
4410	1988	6	25	0	310	15			-145			88		
4410	1988	6	25	3	310	21			-138			85		
4410	1988	6	25	6	320	21			-118			77		
4410	1988	6	25	9	310	15			-64			37		
4410	1988	6	25	12	280	10			-51			32		
4410	1988	6	25	15	290	10			-51			35		
4410	1988	6	25	18	310	21			-59			43		
4410	1988	6	25	21	320	21			-100			76		
4410	1988	6	26	0	320	36			-115			78		
4410	1988	6	26	3	310	31			-136			81		
4410	1988	6	26	9	330	31			-108			80		
4410	1988	6	26	12	340	31			-80			77		
4410	1988	6	26	15	340	26			-67			74		
4410	1988	6	26	18	20	21			-40			69		
4410	1988	6	26	21	40	10			-66			71		
4410	1988	6	27	3	310	15			-119			90		
4410	1988	6	27	6	320	31			-105			90		
4410	1988	6	27	9	360	26			-59			84		
4410	1988	6	27	12	100	21			-39			67		
4410	1988	6	27	15	340	26			-45			82		
4410	1988	6	27	18	330	26			-42			81		
4410	1988	6	27	21	320	26			-66			80		
4410	1988	6	28	0	310	15			-70			80		
4410	1988	6	28	3	310	21			-103			82		
4410	1988	6	28	9	360	26			-28			72		
4410	1988	6	28	12	10	21			-23			77		
4410	1988	6	28	15	40	21			-17			77		
4410	1988	6	28	18	40	10			26			67		
4410	1988	6	28	21	290	5			-43			87		
4410	1988	6	29	0	310	10			-62			98		
4410	1988	6	29	3	280	15			-70			98		
4410	1988	6	29	6	320	21			-77			97		
4410	1988	6	29	9	340	26			-70			90		
4410	1988	6	29	12	330	26			-48			88		
4410	1988	6	29	15	310	26			-47			65		
4410	1988	6	29	18	320	31			-53			77		
4410	1988	6	29	21	330	36			-57			77		
4410	1988	6	30	0	330	31			-75			85		
4410	1988	6	30	6	10	26			-55			88		
4410	1988	6	30	9	10	31			-30			85		
4410	1988	6	30	12	340	21			-14			81		
4410	1988	6	30	15	320	26			-16			79		
4410	1988	6	30	18	330	26			-3			74		
4410	1988	6	30	21	320	10			0			69		
4410	1988	7	1	3	270	15			-59			90		
4410	1988	7	1	6	300	21			-37			86		
4410	1988	7	1	9	310	21			-24			79		
4410	1988	7	1	12	310	15			17			69		
4410	1988	7	1	15	320	15			-5			74		
4410	1988	7	1	18	320	21			-11			76		
4410	1988	7	2	0	340	21			-55			85		
4410	1988	7	2	3	330	41			-76			84		
4410	1988	7	2	6	10	15			-43			80		
4410	1988	7	2	9	140	5			12			51		
4410	1988	7	2	12	240	5			6			63		
4410	1988	7	2	15	280	15			-17			79		
4410	1988	7	2	18	330	31			-24			86		
4410	1988	7	2	21	330	36			-29			86		
4410	1988	7	3	0	330	26			-34			85		
4410	1988	7	3	3	30	26			-40			93		
4410	1988	7	3	6	350	21			-14			92		
4410	1988	7	3	9	320	21			-10			92		
4410	1988	7	3	12	320	31			6			88		
4410	1988	7	3	15	320	36			19			83		
4410	1988	7	3	18	320	21			31			74		
4410	1988	7	4	0	320	15			0			79		
4410	1988	7	4	3	330	15			-1			83		
4410	1988	7	4	6	330	21			9			77		
4410	1988	7	4	9	330	21			20			73		
4410	1988	7	4	12	340	15			107			45		
4410	1988	7	4	15	260	10			48			60		
4410	1988	7	4	18	280	21			37			63		
4410	1988	7	4	21	280	26			9			67		
4410	1988	7	5	0	280	26			0			63		
4410	1988	7	5	3	310	31			-6			70		
4410	1988	7	5	9	340	26			69			70		
4410	1988	7	5	12	290	21			98			60		
4410	1988	7	5	15	260	15			84			63		
4410	1988	7	5	18	250	15			79			65		
4410	1988	7	6	0	220	10			48			75		
4410	1988	7	6	3	330	10			44			77		
4410	1988	7	6	6	350	15			53			78		
4410	1988	7	6	9	30	15			48			77		
4410	1988	7	6	12	130	15			47			79		
4410	1988	7	6	15	140	21			35			83		
4410	1988	7	6	18	140	15			41			80		
4410	1988	7	6	21	130	15			13			83		
4410	1988	7	7	3	190	5			-4			88		
4410	1988	7	7	9	230	5			44			79		
4410	1988	7	7	12	280	10			38			77		
4410	1988	7	7	15	170	10			83			69		
4410	1988	7	7	18	240	5			171			35		
4410	1988	7	7	21	140	10			30			72		
4410	1988	7	8	0	80	5			18			56		
4410	1988	7	8	3	120	10			7			54		
4410	1988	7	8	9	90	15			32			76		
4410	1988	7	8	12	100	10			35			77		
4410	1988	7	8	18	40	10			50			74		
4410	1988	7	8	21	20	10			32			76		
4410	1988	7	9	0	10	10			6			79		
4410	1988	7	9	6	20	5			33			77		
4410	1988	7	9	9	20	10			37			81		
4410	1988	7	9	12	30	5			86			60		
4410	1988	7	9	15	360	10			70			72		
4410	1988	7	9	18	40	10			63			72		
4410	1988	7	9	21	30	10			53			74		
4410	1988	7	10	6	340	10			19			91		
4410	1988	7	10	9	360	10			33			83		
4410	1988	7	10	12	20	10			46			83		
4410	1988	7	10	15	10	10			55			82		
4410	1988	7	10	18	30	10			25			87		
4410	1988	7	10	21	350	10			17			90		
4410	1988	7	11	0	360	10			-7			99		
4410	1988	7	11	3	20	10			-10			100		
4410	1988	7	11	6	10	10			-14			100		
4410	1988	7	11	9	10	10			22			90		
4410	1988	7	11	12	50	10			24			86		
4410	1988	7	11	15	90	15			30			85		
4410	1988	7	11	18	110	5			44			76		
4410	1988	7	12	0	350	10			-27			99		
4410	1988	7	12	3	30	15			-40			100		
4410	1988	7	12	6	330	10			-34			99		
4410	1988	7	12	9	40	21			-23			95		
4410	1988	7	12	12	330	10			8			83		
4410	1988	7	12	15	360	10			20			76		
4410	1988	7	12	18	340	10			1			82		
4410	1988	7	12	21	330	21			-42			95		
4410	1988	7	13	0	30	21			-57			98		
4410	1988	7	13	6	90	10			-60			98		
4410	1988	7	13	9	120	10			-42			92		
4410	1988	7	13	12	130	10			-43			91		
4410	1988	7	13	15	140	21			-35			85		
4410	1988	7	13	18	170	21			-47			83		
4410	1988	7	13	21	160	21			-65			93		
4410	1988	7	14	0	150	15			-76			98		
4410	1988	7	14	3	200	10			-72			99		
4410	1988	7	14	9	310	5			-51			93		
4410	1988	7	14	12	310	5			-22			85		
4410	1988	7	14	15	260	5			-42			89		
4410	1988	7	14	18	310	10			-50			89		
4410	1988	7	14	21	310	26			-68			93		
4410	1988	7	15	0	290	21			-75			89		
4410	1988	7	15	3	260	26			-68			77		
4410	1988	7	15	9	280	21			-53			79		
4410	1988	7	15	12	280	21			-43			77		
4410	1989	1	3	9										
4410	1989	2	7	18										
