stat_no	year	month	day	hour	dd	ff	n	pppp	ttt	txtxtx	tntntn	rh	rrr6	sss
4495	1980	10	1	18	0	0		9950	-10	-2		100	0	
4495	1980	10	2	0	200	10		9962	-10			100	20	
4495	1980	10	2	3	220	20		9961	-20			93		
4495	1980	10	2	6	230	40		9957	-10		-10	93	20	
4495	1980	10	2	9	240	70		9951	10			80		
4495	1980	10	2	12	260	80		9956	20				30	
4495	1980	10	2	15	270	70		9958	30			52		
4495	1980	10	2	18	280	60		9966	40	40			0	
4495	1980	10	3	0	230	40		9983	40			35	0	
4495	1980	10	3	3	250	60		9987	40			38		
4495	1980	10	3	6	230	20		9981	40		20	38	0	
4495	1980	10	3	9	260	80		9980	30			44		
4495	1980	10	3	12	270	60		9976	40			41	0	
4495	1980	10	3	21	220	50		9916	50			93		
4495	1980	10	4	0	220	60		9909	70			81	30	
4495	1980	10	4	3	200	60		9908	70			81		
4495	1980	10	4	6	230	30		9900	60		0	75	30	
4495	1980	10	4	12	120	10		9952	20			85	0	
4495	1980	10	4	15	150	40		9969	30			87		
4495	1980	10	4	18	280	90		9989	60	60		61	0	
4495	1980	10	4	21	260	110		10016	60			42		
4495	1980	10	5	0	270	70		10035	40			48	0	
4495	1980	10	5	3	260	80		10043	40			41		
4495	1980	10	5	6	270	80		10040	30		30	44	0	
4495	1980	10	5	9	270	60		10032	30			41		
4495	1980	10	5	12	260	80		10015	30			35	0	
4495	1980	10	5	15	280	80		9990	30			100		
4495	1980	10	5	18	280	70		9971	30	40		100	0	
4495	1980	10	5	21	270	110		9959	20			35		
4495	1980	10	6	0	270	100		9975	10			40	0	
4495	1980	10	6	3	270	70		9999	10			37		
4495	1980	10	6	6	280	40		10027	10		0	37	0	
4495	1980	10	6	9	250	30		10063	10			40		
4495	1980	10	6	12	280	30		10086	20			37	0	
4495	1980	10	6	15	280	20		10106	30			41		
4495	1980	10	6	18	280	10		10102	40	40		41	0	
4495	1980	10	6	21	270	50		10100	20			44		
4495	1980	10	7	0	290	10		10115	10			51	0	
4495	1980	10	7	3	300	10		10128	-2			70		
4495	1980	10	7	6	300	20		10134	-2		-2	65	0	
4495	1980	10	7	9	290	20		10143	-2			65		
4495	1980	10	7	12	290	30		10157	-2			65	0	
4495	1980	10	7	15	70	20		10166	30			60		
4495	1980	10	7	18	60	20		10179	10	20		80	0	
4495	1980	10	7	21	70	10		10186	-2			88		
4495	1980	10	8	0	290	10		10197	-10			86	0	
4495	1980	10	8	3	320	20		10199	-2			75		
4495	1980	10	8	6	200	30		10192	-2		-2	75	0	
4495	1980	10	8	9	300	20		10190	-2			75		
4495	1980	10	8	12	30	30		10180	30			70	0	
4495	1980	10	8	21	20	30		10174	10			86		
4495	1980	10	9	0	10	40		10168	10			86	0	
4495	1980	10	9	3	10	70		10161	10			75		
4495	1980	10	9	6	10	80		10157	10		0	80	0	
4495	1980	10	9	9	10	80		10163	10			75		
4495	1980	10	9	15	10	60		10185	10			69		
4495	1980	10	9	18	10	50		10198	20	20		60	0	
4495	1980	10	9	21	10	40		10211	10			69		
4495	1980	10	10	0	310	30		10220	10			75	0	
4495	1980	10	10	3	330	20		10223	10			86		
4495	1980	10	10	6	10	60		10226	0		0	93	0	
4495	1980	10	10	9	10	60		10226	0			99		
4495	1980	10	10	12	10	110		10228	-2			94	10	
4495	1980	10	10	15	20	100		10217	0			99		
4495	1980	10	10	18	10	130		10191	-10	0		93	40	
4495	1980	10	10	21	10	140		10170	-10			100		
4495	1980	10	11	0	20	120		10140	-2			100	40	
4495	1980	10	11	3	10	180		10097	-10			100		
4495	1980	10	11	6	10	200		10057	-10		-10	93	170	
4495	1980	10	11	9	10	260		10028	-10			100		
4495	1980	10	11	12	10	230		10007	-2				0	
4495	1980	10	11	15	10	210		9968	20			80		
4495	1980	10	11	18	10	170		9939	20	20		87	90	
4495	1980	10	11	21	350	160		9923	30			81		
4495	1980	10	12	0	350	140		9916	20			87	0	
4495	1980	10	12	3	10	150		9918	20			87		
4495	1980	10	12	6	330	110		9923	30		10	79	0	
4495	1980	10	12	9	310	70		9979	30			79		
4495	1980	10	12	12	360	10		10027	30			75	0	
4495	1980	10	12	15	130	10		10058	40			65		
4495	1980	10	12	18	130	20		10074	30	40		75	0	
4495	1980	10	12	21	0	20		10103	10			92		
4495	1980	10	13	0	240	10		10126	20			80	0	
4495	1980	10	13	3	220	30		10130						
4495	1980	10	13	6	290	10		10154	10		0	86	0	
4495	1980	10	13	9	290	10		10175	10			86		
4495	1980	10	13	12	290	10		10190	20			80	0	
4495	1980	10	13	15	330	10		10197	30			79		
4495	1980	10	13	18	10	10		10206	30	30		79	0	
4495	1980	10	13	21	10	20		10223	30			75		
4495	1980	10	14	0	350	10		10232	30			81	0	
4495	1980	10	14	3	10	60		10242	30			87		
4495	1980	10	14	6	10	60		10249	20		10	93	0	
4495	1980	10	14	9	10	100		10256	20			93		
4495	1980	10	14	12	20	100		10270	30			93	0	
4495	1980	10	14	15	20	110		10271	30			93		
4495	1980	10	14	18	10	120		10275	20	20		100	0	
4495	1980	10	14	21	10	140		10275	30			93		
4495	1980	10	15	0	20	130		10288	30			93	0	
4495	1980	10	15	3	10	110		10282	30			93		
4495	1980	10	15	6	10	120		10287	30		20	93	0	
4495	1980	10	15	9	10	140		10293	30			100		
4495	1980	10	15	12	10	140		10300	30			93	0	
4495	1980	10	15	15	10	140		10303	30			93		
4495	1980	10	15	18	10	130		10303	30	30		100	0	
4495	1980	10	15	21	10	130		10298	30			100		
4495	1980	10	16	0	10	100		10292	30			100	0	
4495	1980	10	16	3	20	100		10267	30			100		
4495	1980	10	16	6	20	80		10240	30		30	100	0	
4495	1980	10	16	9	20	70		10215	40			100		
4495	1980	10	16	12	40	70		10197	40				0	
4495	1980	10	16	15	50	90		10171	50			100		
4495	1980	10	16	18	50	70		10159	50	50		100	0	
4495	1980	10	16	21	40	50		10164	50			93		
4495	1980	10	17	0	10	80		10181	50			100	0	
4495	1980	10	17	3	10	140		10193	30			100		
4495	1980	10	17	6	10	160		10202	30		30	93	0	
4495	1980	10	17	9	10	150		10205	20					
4495	1980	10	17	12	10	180		10216	10			93	0	
4495	1980	10	17	15	10	230		10225	0			93		
4495	1980	10	17	18	10	210		10212	20	30		75	10	
4495	1980	10	17	21	10	180		10206	20			69		
4495	1980	10	18	0	10	160		10204	10			80	0	
4495	1980	10	18	3	10	170		10194	10			86		
4495	1980	10	18	6	10	160		10184	10		0		0	
4495	1980	10	18	9	10	150		10180	20					
4495	1980	10	18	12	10	120		10177	20			75	0	
4495	1980	10	18	15	10	120		10167	30			70		
4495	1980	10	18	18	10	130		10164	20	30		69	0	
4495	1980	10	18	21	10	100		10166	10			86		
4495	1980	10	19	0	10	120		10166	20			87	0	
4495	1980	10	19	3	10	160		10164	20			87		
4495	1980	10	19	6	360	160		10166	20		10	93	0	
4495	1980	10	19	9	10	160		10164	20			93		
4495	1980	10	19	12	10	160		10157	10			100	0	
4495	1980	10	19	15	10	170		10153	10					
4495	1980	10	19	18	10	160		10132	20	10			0	
4495	1980	10	19	21	10	170		10123	30					
4495	1980	10	20	0	10	210		10105	20			80	0	
4495	1980	10	20	3	10	210		10079	20			75		
4495	1980	10	20	6	10	220		10056	20		10	80	0	
4495	1980	10	20	9	10	220		10034	20			80		
4495	1980	10	20	12	10	260		10019	30			75		
4495	1980	10	20	15	10	250		10017	30			75		
4495	1980	10	20	18	10	240		10003	30	30		75	0	
4495	1980	10	20	21	10	300		10014	20			80		
4495	1980	10	21	0	10	290		10015	10			93	0	
4495	1980	10	21	3	10	260		10019	20					
4495	1980	10	21	6	10	290		10015	30		10	79	0	
4495	1980	10	21	9	10	290		9999	30			70		
4495	1980	10	21	12	10	280		9984	20			80	0	
4495	1980	10	21	15	10	260		9974	30			70		
4495	1980	10	21	18	10	280		9974	30	30		70	0	
4495	1980	10	21	21	10	270		9971	20			75		
4495	1980	10	22	0	10	270		9973	20			75	0	
4495	1980	10	22	3	10	260		9983	20			75		
4495	1980	10	22	6	10	220		9965	20		10	80	0	
4495	1980	10	22	9	10	240		9963	30			75		
4495	1980	10	22	12	10	240		9963	20			85	0	
4495	1980	10	22	15	10	250		9963	20			87		
4495	1980	10	22	18	10	240		9985	10			93		
4495	1980	10	22	21	10	240		9990	10			86		
4495	1980	10	23	0	10	220		10014	10			92	0	
4495	1980	10	23	3	10	230		10030	10			86		
4495	1980	10	23	6	10	210		10036	20		0		0	
4495	1980	10	23	9	10	210		10056	20					
4495	1980	10	23	12	10	220		10057	10			86		
4495	1980	10	23	15	10	180		10058	20			75		
4495	1980	10	23	18	350	110		10050	10	20		86	0	
4495	1980	10	23	21	350	140		10034	30			70		
4495	1980	10	24	0	10	220		10053	20			75	0	
4495	1980	10	24	3	10	250		10074	20			75		
4495	1980	10	24	6	10	180		10088	20		0	80	0	
4495	1980	10	24	9	10	160		10098	20			80		
4495	1980	10	24	12	10	150		10093	30			75	0	
4495	1980	10	24	15	10	140		10084	30			81		
4495	1980	10	24	18	20	100		10083	20	20		93	0	
4495	1980	10	24	21	10	90		10076	20			93		
4495	1980	10	25	0	10	110		10070	10			86	0	
4495	1980	10	25	3	10	60		10059	10			86		
4495	1980	10	25	6	10	60		10050	10		0	86	0	
4495	1980	10	25	9	350	50		10051				40		
4495	1980	10	25	12	10	50		10039	30			65	0	
4495	1980	10	25	15	10	100		10039	20			80		
4495	1980	10	25	18	10	70		10048	10	20		93	0	
4495	1980	10	25	21	350	80		10070	10			93		
4495	1980	10	26	0	10	110		10083	20			80	0	
4495	1980	10	26	3	360	90		10096	10			92		
4495	1980	10	26	9	10	90		10135	10			92		
4495	1980	10	26	12	10	50		10156	20			75	0	
4495	1980	10	26	15	30	20		10167	30			75		
4495	1980	10	26	18	190	10		10160	30	30		65	0	
4495	1980	10	26	21	210	30		10151	20			75		
4495	1980	10	27	0	230	40		10133	30			75	0	
4495	1980	10	27	3	40	10		10127	0			86		
4495	1980	10	27	6	300	10		10126	-10		-2	93	0	
4495	1980	10	27	9	200	30		10123	10			80		
4495	1980	10	27	12	200	20		10125	10			86	0	
4495	1980	10	27	18	60	10		10119	10	0		92	0	
4495	1980	10	27	21	10	50		10119	0			93		
4495	1980	10	28	0	10	70		10121	-2			100	0	
4495	1980	10	28	3	10	80		10112	-2			94		
4495	1980	10	28	6	10	110		10093	-10		-2	100	0	
4495	1980	10	28	9	60	70		10086	10			100		
4495	1980	10	28	12	20	100		10072	0			99	0	
4495	1980	10	28	15	20	150		10046	-10			100		
4495	1980	10	28	18	10	180		10011	-10	10		100	0	
4495	1980	10	28	21	10	160		9983	-10			100		
4495	1980	10	29	0	20	170		9940	-2			100	0	
4495	1980	10	29	3	10	180		9919	-2			100		
4495	1980	10	29	6	10	190		9913	-2		-2	100	10	
4495	1980	10	29	9	10	50		9908	-2			100		
4495	1980	10	29	12	360	40		9915	-2			100	0	
4495	1980	10	29	15	10	120		9909	-2			100		
4495	1980	10	29	18	10	120		9902	-2	-2		100	440	
4495	1980	10	29	21	10	110		9904	-2			94		
4495	1980	10	30	0	10	60		9898	-10			100	10	
4495	1980	10	30	3	10	30		9884	-10			100		
4495	1980	10	30	6	0	20		9869	-10		-10	100	10	
4495	1980	10	30	9	290	20		9858	-20			100		
4495	1980	10	30	12	200	40		9851	-20			100	0	
4495	1980	10	30	15	290	20		9834	-10			100		
4495	1980	10	30	18	250	10		9820	-30	-2		100	0	
4495	1980	10	31	0	300	30		9784	-40			100	10	
4495	1980	10	31	3	270	30		9760	-40			100		
4495	1980	10	31	6	260	30		9731	-40		-40	100	10	
4495	1980	10	31	9	230	50		9704	-30			93		
4495	1980	10	31	12	280	90		9673	-30			100	0	
4495	1980	10	31	15	270	100		9662	-20			93		
4495	1980	10	31	18	270	100		9646	-20	-20		74	0	
4495	1980	10	31	21	260	110		9646	-20			59		
4495	1980	11	1	0	280	110		9669	-20			69	0	
4495	1980	11	1	3	270	120		9699	-10			59		
4495	1980	11	1	6	260	120		9721	-10		-20	50	0	
4495	1980	11	1	9	260	180		9745	-10			50		
4495	1980	11	1	12	290	80		9787	0			51	0	
4495	1980	11	1	15	260	110		9813	10			44		
4495	1980	11	1	18	260	80		9854	10	0		40	0	
4495	1980	11	1	21	260	70		9890	0			51		
4495	1980	11	2	0	250	20		9924	-2			51	0	
4495	1980	11	2	3	230	20		9944	-10			59		
4495	1980	11	2	6	200	30		9955	-10		-10	69	0	
4495	1980	11	2	9	200	20		9972	-20			93		
4495	1980	11	2	12	290	10		9985	-10			93	0	
4495	1980	11	2	15	10	30		9988	-2			94		
4495	1980	11	2	18	40	20		9986	0	0		93	0	
4495	1980	11	2	21	10	50		9989	-2			94		
4495	1980	11	3	0	10	110		9984	-2			100	0	
4495	1980	11	3	3	10	80		9967	10			80		
4495	1980	11	3	6	30	20		9954	10		-2	80	10	
4495	1980	11	3	9	270	10		9941	0			80		
4495	1980	11	3	12	240	70		9936	20			60		
4495	1980	11	3	15	210	50		9937	20			64		
4495	1980	11	3	18	250	20		9948	20	20		64	0	
4495	1980	11	3	21	220	30		9973	10			69		
4495	1980	11	4	0	210	30		9999	10			69	0	
4495	1980	11	4	3	100	40		10019	10			69		
4495	1980	11	4	6	210	40		10052	0		-2	80	0	
4495	1980	11	4	9	250	30		10073	-2			75		
4495	1980	11	4	12	270	20		10101	-2			75	0	
4495	1980	11	4	15	300	20		10113	-2			75		
4495	1980	11	4	18	10	60		10117	-2	0		70	0	
4495	1980	11	4	21	320	60		10114	10			55		
4495	1980	11	5	0	320	50		10101	20			47	0	
4495	1980	11	5	3	320	80		10074	30			56		
4495	1980	11	5	6	320	80		10050	30		-2	70	0	
4495	1980	11	5	9	320	70		10038	20					
4495	1980	11	5	12	320	60		10034	20				80	
4495	1980	11	5	15	320	50		10036	30			93		
4495	1980	11	5	18	30	20		10040	40	40		87	100	
4495	1980	11	5	21	240	30		10054	40			75		
4495	1980	11	6	0	250	20		10078	40			74	0	
4495	1980	11	6	3	240	20		10111	40			70		
4495	1980	11	6	6	210	30		10143	20		20	69	0	
4495	1980	11	6	9	240	20		10175	20			87		
4495	1980	11	6	12	290	20		10189	10			100	50	
4495	1980	11	6	15	290	10		10207	30			93		
4495	1980	11	6	18	10	30		10214	30	20		93	280	
4495	1980	11	6	21	40	10		10217	30			100		
4495	1980	11	7	0	70	30		10220	30			100	340	
4495	1980	11	7	3	60	30		10213	20			100		
4495	1980	11	7	6	70	40		10204	20		20	100	360	
4495	1980	11	7	9	90	30		10206	30			93		
4495	1980	11	7	12	60	50		10210	20			100	0	
4495	1980	11	7	15	40	60		10208	30			100		
4495	1980	11	7	18	40	70		10202	40	30		100	0	
4495	1980	11	7	21	60	70		10200	40			100		
4495	1980	11	8	0	80	50		10204	30			100	10	
4495	1980	11	8	3	110	20		10213	40			100		
4495	1980	11	8	6	360	60		10213	40		30	100	10	
4495	1980	11	8	9	100	20		10233	40			100		
4495	1980	11	8	12	80	20		10249	30			100	0	
4495	1980	11	8	15	80	20		10260	40			93		
4495	1980	11	8	18	70	20		10268	30	40		100	0	
4495	1980	11	8	21	0	30		10285	40			100		
4495	1980	11	9	0	0	40		10295	40			100	0	
4495	1980	11	9	3	280	10		10299	40			93		
4495	1980	11	9	6	0	10		10302	40		30	100	0	
4495	1980	11	9	9	250	10		10303	40			100		
4495	1980	11	9	12	10	20		10310	30			100	0	
4495	1980	11	9	15	10	10		10310	30			100		
4495	1980	11	9	18	20	20		10308	30	40		100	0	
4495	1980	11	9	21	0	30		10310	30			100		
4495	1980	11	10	0	30	20		10303	30			100	0	
4495	1980	11	10	3	0	0		10295	30			100		
4495	1980	11	10	6	0	0		10290	30		20	100	0	
4495	1980	11	10	9	0	0		10286	30			100		
4495	1980	11	10	12	280	10		10288	30			100	0	
4495	1980	11	10	15	200	10		10282	30			100		
4495	1980	11	10	18	300	10		10276	30			100		
4495	1980	11	10	21	280	10		10278	20			100		
4495	1980	11	11	0	280	10		10271	20			100	0	
4495	1980	11	11	3	240	10		10263	10			100		
4495	1980	11	11	6	210	30		10250	40		10	93	0	
4495	1980	11	11	9	210	40		10233	30			100		
4495	1980	11	11	12	210	30		10211	30			93	0	
4495	1980	11	11	15	240	40		10187	40			81		
4495	1980	11	11	18	230	70		10157	50	50		65	0	
4495	1980	11	11	21	270	60		10157	40			65		
4495	1980	11	12	0	0	0		10169	10			64	0	
4495	1980	11	12	3	220	10		10168	10			80		
4495	1980	11	12	6	280	10		10161	0		0	86	0	
4495	1980	11	12	9	250	10		10157	-2			81		
4495	1980	11	12	12	300	10		10157	-2			70		
4495	1980	11	12	15	20	50		10156	20			64		
4495	1980	11	12	18	10	90		10151	30	30		65	0	
4495	1980	11	12	21	10	100		10147	30			52		
4495	1980	11	13	0	10	120		10140	20			60	0	
4495	1980	11	13	3	10	180		10123	10			55		
4495	1980	11	13	6	10	190		10099	20		0	51	0	
4495	1980	11	13	9	10	210		10088	10			64		
4495	1980	11	13	12	10	200		10075	10			80	0	
4495	1980	11	13	15	10	220		10059	10			80		
4495	1980	11	13	18	10	220		10051	10	10		75	0	
4495	1980	11	13	21	10	180		10063	10			75		
4495	1980	11	14	3	10	150		10057	10			69		
4495	1980	11	14	6	10	150		10055	10		-2	75	10	
4495	1980	11	14	12	10	140		10066	10			75	0	
4495	1980	11	14	15	10	140		10066	10			80		
4495	1980	11	14	18	10	140		10063	10	0		75	0	
4495	1980	11	14	21	10	130		10061	10			75		
4495	1980	11	15	0	10	140		10061	10			80	0	
4495	1980	11	15	3	10	140		10062	0			93		
4495	1980	11	15	6	10	110		10059	10		-2	86	0	
4495	1980	11	15	9	20	60		10063	-2			100		
4495	1980	11	15	12	40	30		10068	0				0	
4495	1980	11	15	15	60	20		10062	10			92		
4495	1980	11	15	18	290	30		10052	0	0		93	0	
4495	1980	11	15	21	220	30		10042	10			86		
4495	1980	11	16	0	190	20		10035	10			80	0	
4495	1980	11	16	3	30	40		10037	-10			100		
4495	1980	11	16	6	40	20		10037	-10		-10	86	0	
4495	1980	11	16	9	320	20		10038	-20			93		
4495	1980	11	16	12	290	20		10037	-10			59	0	
4495	1980	11	16	15	300	20		10044	-2			56		
4495	1980	11	16	18	320	30		10049	-10	-2		50	0	
4495	1980	11	16	21	310	20		10069	-20			69		
4495	1980	11	17	0	320	20		10084	-30			68	0	
4495	1980	11	17	3	270	20		10095	-30			68		
4495	1980	11	17	6	270	10		10101	-40		-40	80	0	
4495	1980	11	17	9	280	20		10107	-40			80		
4495	1980	11	17	12	280	30		10121	-50			86	0	
4495	1980	11	17	15	280	30		10127	-30			74		
4495	1980	11	17	18	270	10		10125	-40	-30		80	0	
4495	1980	11	17	21	280	20		10132	-40			86		
4495	1980	11	18	0	290	30		10138	-30			80		
4495	1980	11	18	3	310	20		10133	-30			74		
4495	1980	11	18	6	290	30		10131	-30		-40	74	0	
4495	1980	11	18	9	290	40		10131	-30			74		
4495	1980	11	18	12	320	40		10136	-20			63	0	
4495	1980	11	18	15	310	30		10133	-10			59		
4495	1980	11	18	18	320	40		10130	-20	-10		63	0	
4495	1980	11	18	21	320	50		10136	-20			63		
4495	1980	11	19	0	10	40		10137	-20			59		
4495	1980	11	19	3	20	40		10133	-30			58		
4495	1980	11	19	6	20	50		10120	-30		-20	63	0	
4495	1980	11	19	9	350	20		10122	-30			54		
4495	1980	11	19	12	300	30		10118	-30			54	0	
4495	1980	11	19	15	10	20		10100	-30			54		
4495	1980	11	19	18	0	30		10087	-20	-20		46	0	
4495	1980	11	19	21	200	10		10096	-40			54		
4495	1980	11	20	0	320	30		10091	-40			49	0	
4495	1980	11	20	3	10	50		10067	-30					
4495	1980	11	20	6	10	110		10082	-30		-40	63	0	
4495	1980	11	20	9	320	90		10067	-20			46		
4495	1980	11	20	12	10	140		10069	-20			54	0	
4495	1980	11	20	15	10	150		10076	-30			63		
4495	1980	11	20	18	10	120		10071	-20	-10		50	0	
4495	1980	11	20	21	10	110		10085	-20			50		
4495	1980	11	21	0	350	110		10091	-30			54	0	
4495	1980	11	21	3	10	140		10101	-40			49		
4495	1980	11	21	6	320	80		10086	-30		-40	50	0	
4495	1980	11	21	9	360	90		10097	-20			54		
4495	1980	11	21	12	320	90		10104	-10			46	0	
4495	1980	11	21	15	320	70		10110	-10			50		
4495	1980	11	21	18	320	40		10119	-10	-2		50	0	
4495	1980	11	21	21	330	10		10125	-20			50		
4495	1980	11	22	0	20			10133	-20			63	0	
4495	1980	11	22	3	300	10		10134	-30			68		
4495	1980	11	22	6	270	20		10133	-30		-30	63	0	
4495	1980	11	22	12	310	10		10141	-50			73	0	
4495	1980	11	22	15	290	20		10147	-30			74		
4495	1980	11	22	18	200	10		10153	-40	-20		80	0	
4495	1980	11	23	0	320	20		10180	-40			80	0	
4495	1980	11	23	3	350	20		10188	-30			74		
4495	1980	11	23	6	10	30		10199	-30		-30		0	
4495	1980	11	23	9	10	50		10213	-30			74		
4495	1980	11	23	15	10	40		10235	-30			86		
4495	1980	11	23	18	10	40		10239	-20	-20		74	0	
4495	1980	11	23	21	30	40		10254	-20			80		
4495	1980	11	24	0	50	20		10262	-20			80	0	
4495	1980	11	24	3	40	10		10268	-20					
4495	1980	11	24	6	300	10		10269	-30		-20	93	0	
4495	1980	11	24	9	220	10		10273	-20			93		
4495	1980	11	24	12	180	30		10267	-10			86	0	
4495	1980	11	24	15	60	10		10258	-20			93		
4495	1980	11	24	18	210	70		10231	30	20		87	0	
4495	1980	11	24	21	100	50		10227	30			70		
4495	1980	11	25	0	10	10		10227	10			80	0	
4495	1980	11	25	3	240	20		10226	30			75		
4495	1980	11	25	6	200	50		10223	30		10		0	
4495	1980	11	25	9	100	50		10222	40			75		
4495	1980	11	25	12	190	40		10215	40			75	0	
4495	1980	11	25	15	100	60		10198	30			79		
4495	1980	11	25	21	250	40		10174	50			60		
4495	1980	11	26	0	220	40		10187	40			65	0	
4495	1980	11	26	3	230	50		10189	40			65		
4495	1980	11	26	6	230	30		10196	40		30	65	0	
4495	1980	11	26	9	200	40		10200	40			65		
4495	1980	11	26	12	190	30		10203	40			65	0	
4495	1980	11	26	15	220	40		10204	40			65		
4495	1980	11	26	18	230	40		10211	40	40		70	0	
4495	1980	11	26	21	10	40		10238	10			80		
4495	1980	11	27	0	200	10		10249	10			80	0	
4495	1980	11	27	3	320	10		10247	10			92		
4495	1980	11	27	6	20	30		10239	10		0	86	0	
4495	1980	11	27	9	40	10		10236	10			86		
4495	1980	11	27	12	60	30		10232	-2			94	0	
4495	1980	11	27	15	20	10		10220	-2			94		
4495	1980	11	27	18	10	40		10206	-10	10		100	0	
4495	1980	11	27	21	10	20		10194	-10			100		
4495	1980	11	28	0	30	30		10175	-10			100	10	
4495	1980	11	28	3	10	90		10145	-20			100		
4495	1980	11	28	6	10	120		10100	-20		-10	100	10	
4495	1980	11	28	9	10	150		10050	-10			100		
4495	1980	11	28	12	10	150		10002	-10			100	0	
4495	1980	11	28	15	10	90		9972	-2			94		
4495	1980	11	28	18	330	20		9957	-10	-2		100	0	
4495	1980	11	28	21	0	0		9941	-10			100		
4495	1980	11	29	0	110	30		9924	-10			100	0	
4495	1980	11	29	3	280	80		9890	-20			100		
4495	1980	11	29	6	260	80		9883	-50		-40	100	0	
4495	1980	11	29	9	240	30		9887	-50			100		
4495	1980	11	29	12	230	60		9883	-40			93	0	
4495	1980	11	29	15	220	80		9864	-30			63		
4495	1980	11	29	18	250	70		9857	-40	-20		63	0	
4495	1980	11	29	21				9865	-40			58		
4495	1980	11	30	0	270	150		9885	-40			54	0	
4495	1980	11	30	3	270	150		9894	-40			54		
4495	1980	11	30	6	270	150		9930	-30		-60	50	0	
4495	1980	11	30	9	270	90		9984	-20			46		
4495	1980	11	30	12	250	60		10026	-10			40	0	
4495	1980	11	30	15	260	30		10046	0			34		
4495	1980	11	30	18	260	60		10057	-10	10		40	0	
4495	1980	11	30	21	240	20		10058	-10			40		
4495	1980	12	1	3	230	70		10096	20			32		
4495	1980	12	1	6	240	30		10112	10		-10	40	10	
4495	1980	12	1	9	290	30		10124	10			47		
4495	1980	12	1	12	280	10		10150	0			74	160	
4495	1980	12	1	15	330	10		10168	0			69		
4495	1980	12	1	18	10	140		10189	-2	30		70	160	
4495	1980	12	1	21	10	150		10207	-2			100		
4495	1980	12	2	0	10	200		10215	0			93	0	
4495	1980	12	2	3	10	150		10234	-2			94		
4495	1980	12	2	6	10	170		10239	0		-2	99	0	
4495	1980	12	2	12	10	130		10249	20			87	0	
4495	1980	12	2	15	10	150		10238	10			93		
4495	1980	12	2	18	10	170		10225	10	10		93	0	
4495	1980	12	2	21	10	170		10217	0			99		
4495	1980	12	3	0	10	140		10201	10			100	10	
4495	1980	12	3	3	10	180		10186	20			93		
4495	1980	12	3	6	20	170		10176	20		0	93	10	
4495	1980	12	3	9	10	140		10164	20					
4495	1980	12	3	12	20	80		10164	20			93	0	
4495	1980	12	3	15	330	10		10169	20			100		
4495	1980	12	3	18	290	10		10183	20	30		100	0	
4495	1980	12	3	21	220	30		10201	30			93		
4495	1980	12	4	3	240	60		10204	40			60		
4495	1980	12	4	6	290	60		10213	30		20	65	0	
4495	1980	12	4	9	290	20		10238	20			75		
4495	1980	12	4	12	200	10		10250	0			80	0	
4495	1980	12	4	15	0	0		10253	0			86		
4495	1980	12	4	18	250	10		10250	-10	30		93	0	
4495	1980	12	4	21	250	10		10246	-20			100		
4495	1980	12	5	0	330	10		10258	-20			93	0	
4495	1980	12	5	3	290	20		10260	-20			100		
4495	1980	12	5	6	0	0		10260	-20		-30	100	0	
4495	1980	12	5	9	300	10		10263	-10			100		
4495	1980	12	5	12	340	10		10273	-10			100	0	
4495	1980	12	5	15	10	30		10278	-2			94		
4495	1980	12	5	18	20	30		10279	0	0		93	10	
4495	1980	12	5	21	20	50		10284	10			86		
4495	1980	12	6	0	20	30		10282	20			80	160	
4495	1980	12	6	3	10			10276	10			92		
4495	1980	12	6	6	20	40		10265	-2		-2	94	160	
4495	1980	12	7	0	310	10		10125	10			93	0	
4495	1980	12	7	3	10	10		10090	10			93		
4495	1980	12	7	6	330	10		10055	10		-2	93	20	
4495	1980	12	7	9	20	10		10032	10			100		
4495	1980	12	7	12	10	40		10014	10			100	20	
4495	1980	12	7	15	10	60		9995	20			93		
4495	1980	12	7	18	10	90		9987	20	10		87	30	
4495	1980	12	7	21	10	80		9997	10			86		
4495	1980	12	8	0	10	80		10016	0			93	0	
4495	1980	12	8	3	10	110		10027	-10			74		
4495	1980	12	8	6	10	130		10039	-20		-20	80	0	
4495	1980	12	8	9	10	110		10027	-10			74		
4495	1980	12	8	12	10	90		10056	-20			69	0	
4495	1980	12	8	15	10	100		10043	-20			69		
4495	1980	12	8	18	10	120		10039	-20	-10		63	0	
4495	1980	12	8	21	350	80		10027	-20			63		
4495	1980	12	9	0	320	110		10009	-20			69	0	
4495	1980	12	9	3	320	100		10001	-40			100		
4495	1980	12	9	6	330	120		9995	-40		-30	93	0	
4495	1980	12	9	9	320	80		10001	-40			93		
4495	1980	12	9	12	10	90		10017	-40			93	0	
4495	1980	12	9	15	360	130		10017	-40			86		
4495	1980	12	9	18	10	140		10025	-40	-30		86	0	
4495	1980	12	9	21	10	130		10027	-50			79		
4495	1980	12	10	0	10	130		10028	-40			68	0	
4495	1980	12	10	3	10	110		10023	-50			73		
4495	1980	12	10	6	10	100		10020	-50		-50	68	0	
4495	1980	12	10	9	10	80		10012	-40			54		
4495	1980	12	10	12	10	100		10003	-30			42	0	
4495	1980	12	10	15	10	70		9991	-30			54		
4495	1980	12	10	18	10	110		9990	-30	-20		63	0	
4495	1980	12	10	21	10	140		9994	-30			54		
4495	1980	12	11	0	320	90		9985	-30			54	0	
4495	1980	12	11	3	360	90			-10			40		
4495	1980	12	11	6	10	140		9981	-10		-30	50	0	
4495	1980	12	11	9	0	110		9987	-10			54		
4495	1980	12	11	12	10	140		9997	-10			54	0	
4495	1980	12	11	15	10	130		9997	-10			46		
4495	1980	12	11	18	10	160		9994	-10	-2		59	0	
4495	1980	12	11	21	10	170		9996	-10			54		
4495	1980	12	12	0	10	190		9994	-10			50	0	
4495	1980	12	12	3	20	180		9978	-10			54		
4495	1980	12	13	0	10	160		9879	-30			86	0	
4495	1980	12	15	15	10	220		9887	-40			100		
4495	1980	12	15	18	320	160		9819	-30	-20		100	0	
4495	1980	12	15	21	320	140		9791	-30			93		
4495	1980	12	16	0	270	50		9828	-30			100	0	
4495	1980	12	16	9	280	20		9824	-50			100		
4495	1980	12	16	15	230	40		9820	-40			100		
4495	1980	12	16	18	250	60		9835	-20	-20		100	10	
4495	1980	12	16	21	250	10		9857	-20			93		
4495	1980	12	17	0	250	60		9871	-10			80	0	
4495	1980	12	17	3	270	50		9900	-30			93		
4495	1980	12	17	6	270	90		9927	-30		-30	63	0	
4495	1980	12	17	9	270	70		9972	-30			50		
4495	1980	12	17	12	260	80		10012	-30			46	0	
4495	1980	12	17	15	260	100		10034	-20			39		
4495	1980	12	17	18	270	100		10048	-20	-10		36	0	
4495	1980	12	17	21	230	80		10058	-30			36		
4495	1980	12	18	0	260	80		10043	-30			36	0	
4495	1980	12	18	3	270	50		10021	-40			42		
4495	1980	12	18	6	320	30		9999	-40		-40	58	0	
4495	1980	12	18	9	10	100		9956	-40			58		
4495	1980	12	18	12	10	160		9896	-50			79		
4495	1980	12	19	6	50	10		10012	-30		-50	63	0	
4495	1980	12	19	12	10	70		10023	-30			86	0	
4495	1980	12	19	15	10	110		9999	-30			93		
4495	1980	12	19	18	50	70		9963	-20	-10		100	0	
4495	1980	12	19	21	50	120		9942	-20			100		
4495	1980	12	20	0	10	210		9918	-50			100		
4495	1980	12	20	3	10	240		9899	-60			100		
4495	1980	12	20	6	10	220		9911	-60		-60	100	0	
4495	1980	12	20	9	200	50		9922	-50			100		
4495	1980	12	20	12	350	90		9898	-50			100	0	
4495	1980	12	20	18	10	250		9819	-50	-40		100	0	
4495	1980	12	20	21	10	260		9793	-50			100		
4495	1980	12	21	0	10	260		9778	-60			100	0	
4495	1980	12	21	3	10	250		9770	-70			100		
4495	1980	12	21	6	10	190		9765	-70		-70	100	0	
4495	1980	12	21	9	0	170		9787	-50			100		
4495	1980	12	21	12	350	50		9833					0	
4495	1980	12	21	15	10	50		9861	-60			93		
4495	1980	12	21	18	310	10		9866	-70	-50		93	0	
4495	1980	12	21	21	220	20		9879	-70			93		
4495	1980	12	22	0	210	30		9880	-60			93	0	
4495	1980	12	22	3	230	10		9892	-60			86		
4495	1980	12	22	6	250	10		9889	-60		-60	79	0	
4495	1980	12	22	9	200	20		9887	-50			79		
4495	1980	12	22	12	100	10		9892	-40			86	0	
4495	1980	12	22	15	360	20		9889	-40			80		
4495	1980	12	22	18	330	30		9874	-40	-30		74	0	
4495	1980	12	22	21	270	10		9878	-50			73		
4495	1980	12	23	0	280	10		9887	-50			73	0	
4495	1980	12	23	3	280	30		9890	-50			73		
4495	1980	12	23	6	240	20		9900	-50		-50	68	0	
4495	1980	12	23	9	280	20		9905	-50					
4495	1980	12	23	12	240	10		9913	-60			62	0	
4495	1980	12	23	15	240	30		9913	-40			54		
4495	1980	12	23	18	250	20		9916	-40	-40		54	0	
4495	1980	12	23	21	260	20		9933	-50			53		
4495	1980	12	24	0	320	20		9947	-40			49	0	
4495	1980	12	24	3	230	20		9955	-50			45		
4495	1980	12	24	6	230	50		9963	-20		-50	46	0	
4495	1980	12	24	9	240	40		9970	-20			50		
4495	1980	12	24	12	210	50		9968	-30			74	0	
4495	1980	12	24	15	170	40		9958	-30			93		
4495	1980	12	24	18	270	10		9960	-40			74		
4495	1980	12	24	21	270	120		9979	-30			50		
4495	1980	12	25	0	260	120		10008	-30			42	0	
4495	1980	12	25	3	250	50		10030	-30			50		
4495	1980	12	25	6	250	60		10043	-30		-30	63	0	
4495	1980	12	25	9	230	80		10050	-30			54		
4495	1980	12	25	12	210	40		10063	-40			58	0	
4495	1980	12	25	15	200	10		10053	-40			68		
4495	1980	12	25	18	0	20		10026	-50	-30		100	0	
4495	1980	12	25	21	10	120		10001	-50			100		
4495	1980	12	26	0	10	160		9996	-60			49	0	
4495	1980	12	26	3	10	140		9974	-40			93		
4495	1980	12	26	6	10	110		9940	-40		-50	100	0	
4495	1980	12	26	9	20	60		9923	-40			100		
4495	1980	12	26	12	20	50		9885	-40			100	0	
4495	1980	12	26	15	10	40		9857	-40			100		
4495	1980	12	26	18	40	30		9821	-40			93		
4495	1980	12	26	21	130	30		9791	-50			100		
4495	1980	12	27	0	10	90		9798	-70			93	0	
4495	1980	12	27	3	190	160		9777	-40			93		
4495	1980	12	27	6	210	110		9828	-30		-70	100	0	
4495	1980	12	27	9	220	80		9859	-10			93		
4495	1980	12	27	12	240	100		9920	-30			100	0	
4495	1980	12	27	15	240	100		9980	-50			100		
4495	1980	12	27	18	250	110		10053	-60	-10		100	0	
4495	1980	12	27	21	250	50		10096	-50			79		
4495	1980	12	28	0	210	30		10104	-50			63	0	
4495	1980	12	28	3	200	50		10087	-40			58		
4495	1980	12	28	6	240	20		10062	-50		-50	53	0	
4495	1980	12	28	12	270	50		10039	-60			62	0	
4495	1980	12	28	15	270	80		10022	-70			73		
4495	1980	12	28	18	280	80		10015	-80	-50		73	0	
4495	1980	12	28	21	250	50		10024	-80			44		
4495	1980	12	29	0	220	20		10015	-80			44	0	
4495	1980	12	29	3	220	30		9986	-70			57		
4495	1980	12	29	6	280	10		9944	-70		-90	93	0	
4495	1980	12	29	9	100	100		9896	-40			100		
4495	1980	12	29	12	220	50		9888	-40			86	0	
4495	1980	12	29	15	220	40		9892	-40			86		
4495	1980	12	29	18	230	10		9889	-50	-30		93	0	
4495	1980	12	29	21	210	30		9891	-50			86		
4495	1980	12	30	0	200	40		9887	-50			93	0	
4495	1980	12	30	3	220	40		9881	-40			68		
4495	1980	12	30	6	270	120		9888	-50		-50	93	0	
4495	1980	12	30	9	260	80		9940	-40			39		
4495	1980	12	30	12	260	120		9974	-80			48	0	
4495	1980	12	30	15	260	60		10016	-80			48		
4495	1980	12	30	18	270	80		10045	-80	-30		48	0	
4495	1980	12	30	21	250	90		10082	-80			41		
4495	1980	12	31	0	260	90		10113	-90			48	0	
4495	1980	12	31	3	260	70		10162	-90			44		
4495	1980	12	31	6	270	90		10178	-90		-90	44	0	
4495	1980	12	31	9	260	110		10178	-70			41		
4495	1980	12	31	12	210	30		10195	-80			41	0	
4495	1980	12	31	15	280	60		10195	-70			45		
4495	1980	12	31	18	320	10		10173	-70	-60		48	0	
4495	1980	12	31	21	310	50		10150	-70					
4495	1981	1	1	0	10	130		10100	-70			79	0	
4495	1981	1	1	3	10	160		10045	-80					
4495	1981	1	1	6	10	150		10042	-80		-80	92	0	
4495	1981	1	1	9	10	110		10034	-70			86		
4495	1981	1	1	12	10	150		10054	-80			85	0	
4495	1981	1	1	15	360	150		10068	-90			92		
4495	1981	1	1	18	10	120		10061	-90	-60		79	0	
4495	1981	1	2	0	320	70		10066	-70			93	0	
4495	1981	1	2	3	330	70		10077	-60			79		
4495	1981	1	2	6	10	70		10108	-50		-90	30	0	
4495	1981	1	2	9	10	70		10148	-60			68		
4495	1981	1	2	12	10	60		10180	-70			79	0	
4495	1981	1	2	15	20	40		10204	-70			73		
4495	1981	1	2	18	270	10		10208	-80	-40		79	0	
4495	1981	1	2	21	290	20		10214	-90			67		
4495	1981	1	3	0	290	40		10208	-70			62	0	
4495	1981	1	3	3	330	40		10201	-40			86		
4495	1981	1	3	6	10	90		10201	-30		-90	86	0	
4495	1981	1	3	9	10	140		10218	-40			100		
4495	1981	1	3	12	10	150		10242	-50			100	0	
4495	1981	1	3	15	10	170		10256	-60			100		
4495	1981	1	3	18	10	180		10254	-60	-20		93	0	
4495	1981	1	3	21	20	150		10250	-60			93		
4495	1981	1	4	0	10	230		10219	-70			100	0	
4495	1981	1	4	3	10	210		10185	-60			93		
4495	1981	1	4	6	10	280		10127	-70		-70	100	0	
4495	1981	1	4	9	10	290		10076	-70			100		
4495	1981	1	4	12	10	290		10013	-60			100	0	
4495	1981	1	4	15	10	270		9968	-50			100		
4495	1981	1	4	18	10	110		9979	-40	-40		93	0	
4495	1981	1	4	21	100	110		9992	-50			100		
4495	1981	1	5	0	240	80		10031	-50			93	0	
4495	1981	1	5	3	240	30		10081	-50			93		
4495	1981	1	5	6	0	20		10114	-50		-50	93	0	
4495	1981	1	5	9	30	100		10137	-50			93		
4495	1981	1	5	12	10	120		10154	-60			100	0	
4495	1981	1	5	15	10	100		10157	-50			93		
4495	1981	1	5	21	10	200		10104	-60			100		
4495	1981	1	6	0	10	210		10063	-40			100	0	
4495	1981	1	6	3	10	210		10012	-30			100		
4495	1981	1	6	6	10	240		9960	-40		-50	100	0	
4495	1981	1	6	9	10	160		9929	-30			93		
4495	1981	1	6	12	30	110		9912	-40			100	0	
4495	1981	1	6	15	250	10		9897	-40			100		
4495	1981	1	6	18	170	80		9896	-30	-20		100	0	
4495	1981	1	6	21	180	120		9882	-10			93		
4495	1981	1	7	0	220	90		9932	-30			93	0	
4495	1981	1	7	3	220	90		9973	-10			80		
4495	1981	1	7	6	230	30		10005	-20		-30	86	0	
4495	1981	1	7	9	230	30		10025	-20			69		
4495	1981	1	7	12	220	30		10046	-20			63	0	
4495	1981	1	7	15	220	30		10056	-20			74		
4495	1981	1	7	18	220	50		10058	-20	-10		59	0	
4495	1981	1	7	21	250	40		10071	-30			80		
4495	1981	1	8	0	250	60		10089	-10			54	0	
4495	1981	1	8	3	260	90		10116	-20			54		
4495	1981	1	8	6	250	40		10147	-20			46		
4495	1981	1	8	9	230	60		10177	-20			50		
4495	1981	1	8	12	220	60		10193	-10			50	0	
4495	1981	1	8	15	100	40		10208	-10			59		
4495	1981	1	8	18	220	10		10224	-10	-2		64	0	
4495	1981	1	8	21	190	30		10246	-10			64		
4495	1981	1	9	0	220	30		10256	-2			94	0	
4495	1981	1	9	3	210	20		10265	10			86		
4495	1981	1	9	6	160	60		10264	20		-10	87	440	
4495	1981	1	9	9	140	30		10267	10			93		
4495	1981	1	9	12	140	50		10255	20			93	700	
4495	1981	1	9	15	150	80		10241	20			100		
4495	1981	1	9	18	150	70		10217	20	20		100	0	
4495	1981	1	9	21	160	70		10188	20			100		
4495	1981	1	10	0	160	120		10156	40			93	240	
4495	1981	1	10	3	190	70		10154	20			93		
4495	1981	1	10	6	210	70		10170	10		0	64	270	
4495	1981	1	10	9	210	60		10188	-2			65		
4495	1981	1	10	12	230	60		10217	-20			86	10	
4495	1981	1	10	15	220	80		10235	-20			63		
4495	1981	1	10	18	220	60		10260	-20	0		63	0	
4495	1981	1	10	21	220	40		10291	-30			68		
4495	1981	1	11	0	230	60		10306	-20			59	0	
4495	1981	1	11	3	220	80		10319	-20			59		
4495	1981	1	11	6	230	60		10331	-30		-20	68	0	
4495	1981	1	11	9	230	20		10333	-30			63		
4495	1981	1	11	12	210	20		10342	-20			59	0	
4495	1981	1	11	15	230	40		10353	-20			59		
4495	1981	1	11	18	240	20		10330	-30	-20		58	0	
4495	1981	1	11	21	260	20		10326	-20			54		
4495	1981	1	12	0	320	20		10324	-40			93	0	
4495	1981	1	12	3	10	60		10298	-40			100		
4495	1981	1	12	6	20	70		10240	-40		-40	93	0	
4495	1981	1	12	9	360	30		10197	-30			100		
4495	1981	1	12	12	50	20		10182	-20			100	0	
4495	1981	1	12	15	120	30		10185	-30			100		
4495	1981	1	12	18	160	50		10169	-30	-10		100	0	
4495	1981	1	12	21	100	60		10157	0			93		
4495	1981	1	13	0	100	80		10148	0			86	0	
4495	1981	1	13	3	200	80		10135	-2			81		
4495	1981	1	13	6	210	70		10122	-10		-30	80	0	
4495	1981	1	13	9	220	70		10098	-10			69		
4495	1981	1	13	12	220	70		10085	-30			93	0	
4495	1981	1	13	15	220	100		10081	-40			74		
4495	1981	1	13	21	190	50		10101	-40			93		
4495	1981	1	14	0	220	60		10096	-30			86	0	
4495	1981	1	14	3	260	60		10098	-20			54		
4495	1981	1	14	6	180	40		10095	-30		-40	58	0	
4495	1981	1	14	9	270	60		10086	-30			63		
4495	1981	1	14	12	340	10		10089	-40			68	0	
4495	1981	1	14	15	10	50		10091	-30			74		
4495	1981	1	14	18	10	70		10080	-30	-20		58	0	
4495	1981	1	14	21	0	70		10074	-50			93		
4495	1981	1	15	0	0	110		10066	-50			100	0	
4495	1981	1	15	3	10	110		10051	-40			93		
4495	1981	1	15	6	10	130		10035	-50		-50	93	0	
4495	1981	1	15	9	10	130		10009	-60			100		
4495	1981	1	15	12	320	50		9984	-50			93	0	
4495	1981	1	15	15	10	100		9955	-50			100		
4495	1981	1	15	18	320	80		9932	-50	-40		100	0	
4495	1981	1	15	21	320	50		9930	-30			93		
4495	1981	1	16	0	260	10		9933	-20			93	0	
4495	1981	1	16	3	0	20		9940	-30			93		
4495	1981	1	16	6	180	10		9940	-40		-40	100	0	
4495	1981	1	16	9	260	50		9934	-40			74		
4495	1981	1	16	12	260	110		9945	-30			58	0	
4495	1981	1	16	15	250	50		9969	-10			43		
4495	1981	1	16	18	230	50		9977	-30	-10		46	0	
4495	1981	1	16	21	230	50		9991	-30			50		
4495	1981	1	17	0	240	30		9993	-40			58	0	
4495	1981	1	17	3	220	40		9993	-50			63		
4495	1981	1	17	6	220	30		9981	-60		-50	68	0	
4495	1981	1	17	9	250	30		9968	-50			58		
4495	1981	1	17	12	270	50		9959	-50			68	0	
4495	1981	1	17	15	240	30		9943	-50			63		
4495	1981	1	17	18	230	40		9927	-40	-30		58	0	
4495	1981	1	17	21	230	30		9926	-50			63		
4495	1981	1	18	0	270	50		9926	-50			73	0	
4495	1981	1	18	3	250	40		9937	-50			68		
4495	1981	1	18	6	240	50		9952	-50		-50	68	0	
4495	1981	1	18	9	230	50		9962	-50			68		
4495	1981	1	18	12	240	50		9981	-50			93	0	
4495	1981	1	18	15	240	30		10014	-50			73		
4495	1981	1	18	18	250	20		10031	-50	-40		53	0	
4495	1981	1	18	21	230	40		10049	-60			62		
4495	1981	1	19	0	290	20		10064	-70			67	0	
4495	1981	1	19	3	20	80		10081	-60			79		
4495	1981	1	19	6	10	130		10067	-70		-70	79	0	
4495	1981	1	19	9	10	160		10064	-60			86		
4495	1981	1	19	12	10	200		10024	-70			100	0	
4495	1981	1	19	15	10	260		9962	-70			93		
4495	1981	1	19	18	10	310		9897	-70	-60		93	0	
4495	1981	1	19	21	10	300		9847	-60			100		
4495	1981	1	20	0	10	250		9818	-50			93	0	
4495	1981	1	20	3	10	170		9815	-30			93		
4495	1981	1	20	6	30	60		9842	-40		-70	93	0	
4495	1981	1	20	9	20	110		9869	-50			100		
4495	1981	1	20	12	40	60		9912	-40			93	0	
4495	1981	1	20	15	30	60		9941	-40			93		
4495	1981	1	20	18	30	70		9950	-40	-30		93	0	
4495	1981	1	20	21	10	80		9968	-50			100		
4495	1981	1	21	0	340	50		9975	-50			100	0	
4495	1981	1	21	3	10	80		9979	-50			100		
4495	1981	1	21	6	10	90		9977	-50		-50	100	0	
4495	1981	1	21	9	360	70		9962	-50			93		
4495	1981	1	21	12	10	130		9934	-50			93	0	
4495	1981	1	21	15	10	190		9876	-50			100		
4495	1981	1	21	18	320	120		9825	-50	-40		100	0	
4495	1981	1	21	21	320	110		9839	-40			100		
4495	1981	1	22	0	290	50		9879	-20			80	0	
4495	1981	1	22	3	260	10		9895	-40			100		
4495	1981	1	22	6	240	20		9903	-40		-40	93	0	
4495	1981	1	22	9	230	40		9908	-20			86		
4495	1981	1	22	12	230	30		9918	-20			80	0	
4495	1981	1	22	15	240	20		9917	-20			80		
4495	1981	1	22	18	230	30		9907	-30	-10		93	0	
4495	1981	1	22	21	210	30		9907	-30			86		
4495	1981	1	23	0	260	20		9903	-40			80	0	
4495	1981	1	23	3	250	30		9918	-50			49		
4495	1981	1	23	6	180	20		9920	-50		-60	53	0	
4495	1981	1	23	9	270	10		9924	-70			86		
4495	1981	1	23	12	220	20		9944	-60			62	0	
4495	1981	1	23	15	260	60		9962	-60			45		
4495	1981	1	23	18	270	160		9981	-60	-50		45	0	
4495	1981	1	23	21	270	80		10055	-50			49		
4495	1981	1	24	0				10121	-50			58	0	
4495	1981	1	24	3	260	10		10143	-70			62		
4495	1981	1	24	6	280	30		10152	-70		-70	67	0	
4495	1981	1	24	9	10	80		10153	-50			93		
4495	1981	1	24	12	10	130		10142	-30			74	0	
4495	1981	1	24	15	10	160		10118	-30			93		
4495	1981	1	24	18	10	160		10100	-40	-20		100	0	
4495	1981	1	24	21	10	150		10090	-40			100		
4495	1981	1	25	0	10	180		10063	-40			100	0	
4495	1981	1	25	3	10	210		10029	-40			100		
4495	1981	1	25	6	10	200		9996	-30		-40	100	0	
4495	1981	1	25	9	10	180		9981	-20			93		
4495	1981	1	25	12	10	150		9970	-20			93	0	
4495	1981	1	25	15	10	120		9963	-30			100		
4495	1981	1	25	18	10	90		9945	-30	-20		100	0	
4495	1981	1	25	21	50	30		9952	-30			100		
4495	1981	1	26	0	20	30		9949	-30			100	0	
4495	1981	1	26	3	10	10		9936	-30			100		
4495	1981	1	26	6	350	10		9903	-30		-30	100	0	
4495	1981	1	26	9	300	20		9881	-40			100		
4495	1981	1	26	12	200	30		9867	-40			100	0	
4495	1981	1	26	15	290	20		9855	-30			93		
4495	1981	1	26	18	260	20		9850	-40	-120		100	0	
4495	1981	1	26	21	240	50		9863	-20			100		
4495	1981	1	27	0	220	50		9875	-20			93	0	
4495	1981	1	27	3	210	20		9881	-20			93		
4495	1981	1	27	6	210	30		9891	-20		-30	93	0	
4495	1981	1	27	9	240	30		9903	-20			100		
4495	1981	1	27	12	210	30		9914	-20			100	0	
4495	1981	1	27	15	240	20		9936	-20			100		
4495	1981	1	27	18	0	20		9952	-20	-2		93	0	
4495	1981	1	27	21	350	10			-40			86		
4495	1981	1	28	0	10	40		10012	-30			74	0	
4495	1981	1	28	3	10	40		10041	-40			86		
4495	1981	1	28	6	340	20		10058	-40		-40	86	0	
4495	1981	1	28	9	340	30		10068	-40			86		
4495	1981	1	28	12	10	80		10075	-30			86	0	
4495	1981	1	28	15	10	110		10066	-40			100		
4495	1981	1	28	18	10	120		10054	-40	-20		100	0	
4495	1981	1	28	21	10	140		10047	-40			100		
4495	1981	1	29	0	10	190		10030	-30			93	0	
4495	1981	1	29	3	10	170		10005	-30			100		
4495	1981	1	29	6	10	140		9974	-30		-30	100	0	
4495	1981	1	29	9	10	120		9967	-20			93		
4495	1981	1	29	12	50	20		9976	-20			100	0	
4495	1981	1	29	15	210	30		9992	-20			100		
4495	1981	1	29	21				10024	-20			100		
4495	1981	1	30	0	230	20		10031	-20			100	0	
4495	1981	1	30	3	190	20		10032	-30			93		
4495	1981	1	30	6	290	10		10019	-50		-50	100	0	
4495	1981	1	30	9	10	30		9999	-30			93		
4495	1981	1	30	12	10	100		9963	-30			100	0	
4495	1981	1	30	15	10	160		9910	-30			100		
4495	1981	1	30	18	10	200		9850	-20	-20		100	0	
4495	1981	1	30	21	10	220		9819	-20			100		
4495	1981	1	31	0	10	160		9781	-30			100	0	
4495	1981	1	31	3	320	100		9777	-20			100		
4495	1981	1	31	6	320	30		9816	-10		-20	93	0	
4495	1981	1	31	12	40	40		9920	-20			93	0	
4495	1981	1	31	15	20	100		9943	-30			100		
4495	1981	1	31	18	10	160		9936	-50	-10		100	0	
4495	1981	1	31	21	10	200		9928	-50			100		
4495	1981	2	1	0	10	130		9886	-40			100	0	
4495	1981	2	1	3	320	90		9850	-40			93		
4495	1981	2	1	6	340	10		9838	-50		-50	100	0	
4495	1981	2	1	9	330	10		9840	-50			100		
4495	1981	2	1	12	250	20		9851	-30			100	0	
4495	1981	2	1	15	240	30		9855	-20			100		
4495	1981	2	1	18	270	40		9854	-10	-10		93	0	
4495	1981	2	1	21	260	70		9881	-10			69		
4495	1981	2	2	0	220	50		9900	-10			69	0	
4495	1981	2	2	3	220	30		9917	-20			63		
4495	1981	2	2	6	240	70		9928	-20		-20	63	0	
4495	1981	2	2	9	260	110		9947	-40			74		
4495	1981	2	2	12	250	80		9984	-40			63	0	
4495	1981	2	3	0	260	30		10035	-30			58		
4495	1981	2	3	3	230	40		10019	-50			93		
4495	1981	2	3	6	240	30		10019	-40		-50	93	0	
4495	1981	2	3	9	230	60		10038	-20			74		
4495	1981	2	3	12	280	10		10045	-20			69	0	
4495	1981	2	3	15	230	40		10031	-2			60		
4495	1981	2	3	18	220	40		10015	10	0		64	260	
4495	1981	2	3	21	240	10		10000	-10			93		
4495	1981	2	4	0	220	30		9979	10			93		
4495	1981	2	4	3	230	90		9966	40			93		
4495	1981	2	4	6	220	80		9970	40		-10	93	550	
4495	1981	2	4	9	100	90		9985	30			93		
4495	1981	2	4	12	210	50		9973	20			93	0	
4495	1981	2	4	15	210	80		9945	20			93		
4495	1981	2	4	18	100	90		9908	30	40		93	80	
4495	1981	2	4	21	100	80		9881	20			93		
4495	1981	2	5	0	220	60		9874	10			86	30	
4495	1981	2	5	3	190	60		9865	-10			80		
4495	1981	2	5	6	200	60		9881	-40		-30	80	20	
4495	1981	2	5	9	220	70		9878	-50			58		
4495	1981	2	5	12	230	60		9870	-50			63	0	
4495	1981	2	5	15	230	80		9851	-50			63		
4495	1981	2	5	18	220	70		9830	-60	-30		86	0	
4495	1981	2	5	21	220	40		9844	-70			93		
4495	1981	2	6	0	220	50		9849	-70			86	0	
4495	1981	2	6	3	240	50		9863	-60			62		
4495	1981	2	6	6	250	10		9887	-70		-70	93	0	
4495	1981	2	6	9	100	70		9909	-50			93		
4495	1981	2	6	12	220	50		9930	-50			93	0	
4495	1981	2	6	15	200	50		9938	-40			80		
4495	1981	2	6	18	220	40		9935	-50	-30		73	0	
4495	1981	2	6	21	230	30		9942	-60			73		
4495	1981	2	7	0	140	10		9944	-70			79	0	
4495	1981	2	7	3	220	30		9948	-70			86		
4495	1981	2	7	6	240	10		9950	-60		-70	86	0	
4495	1981	2	7	9	260	10		9955	-70			100		
4495	1981	2	7	12	220	10		9970	-60			79	0	
4495	1981	2	7	15	200	50		9976	-30			74		
4495	1981	2	7	18	100	70		9990	-50	-20		93	0	
4495	1981	2	7	21	230	30		10024	-50			63		
4495	1981	2	8	0	260	70		10060	-50			49	0	
4495	1981	2	8	3	260	40		10088	-60			49		
4495	1981	2	8	6	250	20		10117	-60		-60	49	0	
4495	1981	2	8	9	240	30		10141	-60			53		
4495	1981	2	8	12	220	20		10159	-60			53	0	
4495	1981	2	8	15	230	40		10172	-50			58		
4495	1981	2	8	18	230	30		10175	-50	-30		58	0	
4495	1981	2	8	21	200	40		10181	-50			63		
4495	1981	2	9	0	210	40		10190	-50			63	0	
4495	1981	2	9	3	240	30		10200	-50			73		
4495	1981	2	9	6	240	20		10213	-60		-50	86	0	
4495	1981	2	9	9	120	10		10225	-50			79		
4495	1981	2	9	12	230	30		10239	-50			79	0	
4495	1981	2	9	15	10	10		10240	-40			86		
4495	1981	2	9	18	0	0		10225	-40	-30		93	0	
4495	1981	2	9	21	10	50		10192	-50			100		
4495	1981	2	10	0	10	150		10133	-50			93	0	
4495	1981	2	10	3	10	200		10067	-60			93		
4495	1981	2	10	6	10	220		10006	-50		-60	100	0	
4495	1981	2	10	9	10	190		9966	-40			93		
4495	1981	2	10	12	20	160		9908	-40			100	0	
4495	1981	2	10	15	30	100		9846	-40			93		
4495	1981	2	10	18	100	30		9828	-40	-30		93	0	
4495	1981	2	10	21	140	30		9815	-40			93		
4495	1981	2	11	0	210	60		9792	-20			100	0	
4495	1981	2	11	3	320	50		9749	-40			100		
4495	1981	2	11	6	320	70		9750	-30		-50	100	0	
4495	1981	2	11	9	240	40		9828	-20			100		
4495	1981	2	11	12	270	130		9886	-20			93	0	
4495	1981	2	11	15	270	140		9959	-50			100		
4495	1981	2	11	18	260	130		10005	-50	-2		86	0	
4495	1981	2	11	21	270	180		10039	-60			86		
4495	1981	2	12	0	270	210		10063	-50			63	0	
4495	1981	2	12	3	250	120		10085	-40			46		
4495	1981	2	12	6	260	130		10094	-40		-60	46	0	
4495	1981	2	12	9	270	90		10087	-30			42		
4495	1981	2	12	12	280	90		10080	-30			42	0	
4495	1981	2	12	15	290	50		10073	-30			50		
4495	1981	2	12	18	290	20		10067	-20	-20		50	0	
4495	1981	2	12	21	360	20		10058	-30			63		
4495	1981	2	13	0	0	30		10034	-40			93	0	
4495	1981	2	13	3	10	90		9964	-40			100		
4495	1981	2	13	6	320	30		9864	-30		-40	100	0	
4495	1981	2	13	9	240	40		9820	-30			100		
4495	1981	2	13	12	200	90		9835	-40			93	0	
4495	1981	2	13	15	230	80		9861	-60			73		
4495	1981	2	13	18	230	90		9875	-80	-20		67	0	
4495	1981	2	13	21	240	100		9876	-100			79		
4495	1981	2	14	0	240	120		9878	-100			79	0	
4495	1981	2	15	0	250	30		9969	-90			57	0	
4495	1981	2	15	3	260	70		9963	-90			44		
4495	1981	2	15	12	240	60		9958	-90			48	0	
4495	1981	2	15	15	240	50		9949	-80			37		
4495	1981	2	15	18	260	60		9937	-80	-70		37	0	
4495	1981	2	16	15	270	60		9891	-90			34		
4495	1981	2	16	18	220	30		9892	-110			40		
4495	1981	2	17	6	270	60		9889	-70		-110	41	0	
4495	1981	2	17	18	230	40		9910	-30	-20		74	10	
4495	1981	2	18	0	280	40		9966	-40			63	0	
4495	1981	2	18	3	200	10		9994	-60			68		
4495	1981	2	18	6	330	10		10013	-70		-60	67	0	
4495	1981	2	18	9	290	30		10027	-70			73		
4495	1981	2	18	12	290	30		10044	-60			68	0	
4495	1981	2	18	15	320	40		10049	-30			68		
4495	1981	2	18	18	350	20		10043	-30	-20		86	0	
4495	1981	2	18	21	10	50		10049	-30			93		
4495	1981	2	19	0	340	10		10053	-30			86	0	
4495	1981	2	19	3	270	10		10053	-30			93		
4495	1981	2	19	6	90	10		10054	-60		-50	100	0	
4495	1981	2	19	9	350	10		10054	-60			100		
4495	1981	2	19	12	360	20		10074	-50			93	0	
4495	1981	2	19	15	230	30		10099	-40			68		
4495	1981	2	19	18	260	40		10114	-30	-20		63	0	
4495	1981	2	19	21	320	20		10140	-40			80		
4495	1981	2	20	0	270	10		10149	-60			93	0	
4495	1981	2	20	3	220	20		10154	-50			63		
4495	1981	2	20	6	270	80		10146	-10		-60	43	0	
4495	1981	2	20	9	270	20		10172	-40			54		
4495	1981	2	20	12	180	10		10189	-10			50	0	
4495	1981	2	20	15	140	20		10200	-20			86		
4495	1981	2	20	18	70	10		10202	0	10		64	160	
4495	1981	2	20	21	240	40		10204	20			44		
4495	1981	2	21	0	220	40		10206	30			41	0	
4495	1981	2	21	3	240	40		10206	10			51		
4495	1981	2	21	6	260	70		10204	-10		-2	69	0	
4495	1981	2	21	9	270	60		10208	-10			74		
4495	1981	2	21	12	200	40		10201	0			93	0	
4495	1981	2	21	15	240	20		10185	0			99		
4495	1981	2	21	18	290	30		10168	-10	10		100	0	
4495	1981	2	21	21	170	20		10160	-10			93		
4495	1981	2	22	0	360	20		10160	-30			93	0	
4495	1981	2	22	3	350	10		10159	-50			86		
4495	1981	2	22	6	0	0		10146	-50		-50	79	0	
4495	1981	2	22	9	160	20		10125	-50			86		
4495	1981	2	22	12	280	100		10100	30			60	30	
4495	1981	2	22	15	270	60		10080	30			56		
4495	1981	2	22	18	240	50		10060	30	30		52	30	
4495	1981	2	22	21	280	70		10049	10			44		
4495	1981	2	23	0	360	30		10047	-40			80	0	
4495	1981	2	23	3	70	40		10057	-60			58		
4495	1981	2	23	6	190	40		10050	-70		-80	57	0	
4495	1981	2	23	9	250	30		10044	-60			53		
4495	1981	2	23	12	260	10		10054	-70			57	0	
4495	1981	2	23	15	220	10		10043	-30			42		
4495	1981	2	23	18	360	10		10032	-40	-30		49	30	
4495	1981	2	23	21	320	10		10037	-70			73		
4495	1981	2	24	0	360	50		10056	-80			79	0	
4495	1981	2	24	3	250	10		10065	-100			67		
4495	1981	2	24	6	280	10		10068	-100		-100	52	0	
4495	1981	2	24	9	240	40		10067	-90			52		
4495	1981	2	24	12	240	40		10067	-80			52	0	
4495	1981	2	24	15	290	30		10063	-50			49		
4495	1981	2	24	18	290	40		10059	-50	-40		49	0	
4495	1981	2	24	21	270	30		10067	-50			49		
4495	1981	2	25	0	280	20		10067	-70			67	0	
4495	1981	2	25	3	290	20		10044	-70			62		
4495	1981	2	25	6	280	30		10025	-80		-80		0	
4495	1981	2	25	9	280	40		10017	-80			67		
4495	1981	2	25	12	230	20		10002	-80			57	0	
4495	1981	2	25	15	0	0		9985	-40			49		
4495	1981	2	25	18	200	20		9988	-50	-30		58	40	
4495	1981	2	25	21	240	20		10002	-60			49		
4495	1981	2	26	0	240	30		10018	-60			41	0	
4495	1981	2	26	3	240	50		10032	-40			39		
4495	1981	2	26	6	250	40		10025	-30		-60	39	0	
4495	1981	2	26	9	290	10		10048	-70			67		
4495	1981	2	26	12	330	20		10088	-40			49	0	
4495	1981	2	26	15	320	20		10106	-10			43		
4495	1981	2	26	18	240	30		10111	-10	0		40	0	
4495	1981	2	26	21	290	30		10130	-20			46		
4495	1981	2	27	0	290	20		10140	-40			63	0	
4495	1981	2	27	3	280	10		10139	-50			58		
4495	1981	2	27	6	230	30		10125	-30		-50	42	0	
4495	1981	2	27	9	230	40		10111	-30			42		
4495	1981	2	27	12	230	40		10103	-30			50	0	
4495	1981	2	27	15	230	10		10097	-30			74		
4495	1981	2	27	18	130	10		10100	-40	-10		74	50	
4495	1981	2	27	21	0	0		10110	-60			86		
4495	1981	2	28	0	300	20		10126	-60			73	0	
4495	1981	2	28	3	350	10		10128	-60			58		
4495	1981	2	28	6	330	20		10127	-50		-60	68	0	
4495	1981	2	28	9	280	20		10133	-60			73		
4495	1981	2	28	12	280	10		10141	-50			73	0	
4495	1981	2	28	15	0	10		10146	-10			54		
4495	1981	2	28	18	0	0		10150	-10	-2		54	20	
4495	1981	2	28	21	250	10		10158	-40			68		
4495	1981	3	1	0	290	10		10167	-50			63	0	
4495	1981	3	1	3	290	20		10167	-40			54		
4495	1981	3	1	6	50	40		10168	-60		-60	73	0	
4495	1981	3	1	9	310	10		10174	-40			74		
4495	1981	3	1	12	10	90		10180	-10			93	0	
4495	1981	3	1	15	10	150		10189	-10			93		
4495	1981	3	1	18	10	150		10193	-10	-2		93	0	
4495	1981	3	1	21	10	150		10210	-10			93		
4495	1981	3	2	0	10	120		10224	-10			93	0	
4495	1981	3	2	3	10	150		10234	-10			86		
4495	1981	3	2	6	10	140		10232	-20		-20	93	0	
4495	1981	3	2	9	10	160		10241	-20			86		
4495	1981	3	2	12	10	150		10256	-10			86	0	
4495	1981	3	2	15	10	160		10257	-2			81		
4495	1981	3	2	18	10	130		10259	-10	-2		80	50	
4495	1981	3	2	21	10	130		10270	-10			80		
4495	1981	3	3	0	10	140		10279	-20			93	0	
4495	1981	3	3	3	10	150		10286	-10			80		
4495	1981	3	3	6	10	130		10286	-20		-20	86	0	
4495	1981	3	3	9	10	140		10292	-30			86		
4495	1981	3	3	12	10	140		10298	-30			93	0	
4495	1981	3	3	15	10	140		10297	-20			86		
4495	1981	3	3	18	20	110		10290	-20	-10		86	0	
4495	1981	3	3	21	10	140		10293	-40			86		
4495	1981	3	4	0	10	90		10290	-30			74	0	
4495	1981	3	4	3	10	80		10277	-20			93		
4495	1981	3	4	6	10	50		10266	-30		-40	93	0	
4495	1981	3	4	9	40	40		10262	-40			93		
4495	1981	3	4	12	20	70		10274	-40			93	0	
4495	1981	3	4	15	10	100		10279	-30			93		
4495	1981	3	4	18	20	130		10276	-40	-20		93	0	
4495	1981	3	4	21	10	120		10283	-60			86		
4495	1981	3	5	0	10	120		10287	-60			86	0	
4495	1981	3	5	3	10	120		10288	-70			86		
4495	1981	3	5	6	10	140		10280	-60		-60	79	0	
4495	1981	3	5	9	10	160		10283	-70			86		
4495	1981	3	5	12	10	120		10283	-60			79	0	
4495	1981	3	5	15	10	80		10281	-70			79		
4495	1981	3	5	18	10	100		10273	-60	-50		73	0	
4495	1981	3	5	21	10	90		10277	-80			73		
4495	1981	3	6	0	10	100		10279	-70			62	0	
4495	1981	3	6	3	10	100		10258	-80	-80		57	0	
4495	1981	3	6	6	10	100		10258	-80		-80	57	0	
4495	1981	3	6	9	320	40		10253	-80			57		
4495	1981	3	6	12	320	40		10243	-70			53	0	
4495	1981	3	6	15	20	70		10234	-60			53		
4495	1981	3	6	18	10	60		10221	-70	-50		67	0	
4495	1981	3	6	21	20	70		10220	-90			73		
4495	1981	3	7	0	20	60		10215	-100			61	0	
4495	1981	3	7	3	20	50		10198	-100			67		
4495	1981	3	7	6	20	60		10187	-110		-110	72	0	
4495	1981	3	7	9	20	50		10186	-120			72		
4495	1981	3	7	12	10	90		10172	-110			56	0	
4495	1981	3	7	15	10	80		10167	-110			66		
4495	1981	3	7	18	10	60		10158	-110	-100		78	0	
4495	1981	3	7	21	20	60		10155	-130			85		
4495	1981	3	8	0	10	70		10153	-130			85	0	
4495	1981	3	8	3	10	90		10141	-120			72		
4495	1981	3	8	6	10	80		10138	-120		-120	61	0	
4495	1981	3	8	9	10	60		10137	-120			56		
4495	1981	3	8	12	10	80		10138	-110			43	0	
4495	1981	3	8	15	10	70		10133	-100			44		
4495	1981	3	8	18	330	50		10120	-90	-80		44	0	
4495	1981	3	8	21	330	60		10116	-90			44		
4495	1981	3	9	0	330	60		10116	-90			48		
4495	1981	3	9	3	330	40		10087	-60			38		
4495	1981	3	9	6	300	10		10077	-80		-90	44	0	
4495	1981	3	9	9	110	20		10091	-80			48		
4495	1981	3	9	12	10	60		10065	-80			57	0	
4495	1981	3	9	15	10	60		10058	-80			62		
4495	1981	3	9	18	10	30		10041	-80	-70		57	0	
4495	1981	3	9	21	350	30		10034	-100			56		
4495	1981	3	10	0	320	20		10027	-100			61	0	
4495	1981	3	10	3	320	30		10016	-100			72		
4495	1981	3	10	6	20	30		10013	-120		-110	72	0	
4495	1981	3	10	9	360	50		10009	-110			56		
4495	1981	3	10	12	20	40		10004	-100			44	0	
4495	1981	3	10	15	320	40		9994	-80			41		
4495	1981	3	10	18	360	20		9985	-70	-70		41	0	
4495	1981	3	10	21				9973	-100					
4495	1981	3	11	0	270	20		9956	-80			52	0	
4495	1981	3	11	3	220	30		9940	-80			52		
4495	1981	3	11	6	290	10		9918	-100		-100	79	0	
4495	1981	3	11	9	220	30		9901	-90			79		
4495	1981	3	11	12	260	20		9888	-70			86	0	
4495	1981	3	11	15	270	60		9878	-40			58		
4495	1981	3	11	18	270	50		9870	-40	-30		54	0	
4495	1981	3	11	21	270	90		9866	-40			54		
4495	1981	3	12	0	260	110		9867	-50			53	0	
4495	1981	3	12	3	260	110		9874	-50			49		
4495	1981	3	12	6	270	170		9874	-40		-50	39	0	
4495	1981	3	12	9	260	120		9903	-40			42		
4495	1981	3	12	12	260	120		9934	-30			42	0	
4495	1981	3	12	15	260	90		9958	-30			46		
4495	1981	3	12	18	270	60		9976	-20	-10		43	0	
4495	1981	3	12	21	260	100		9993	-30			42		
4495	1981	3	13	0	250	70		10018	-30			39	0	
4495	1981	3	13	3	270	90		10034	-30			46		
4495	1981	3	13	6	250	40		10051	-30		-30	50	0	
4495	1981	3	13	9	280	10		10066	-40			63		
4495	1981	3	13	12	180	10		10078	-30			63	0	
4495	1981	3	13	15	70	10		10088	-40			74		
4495	1981	3	13	18	80	20		10083	-40	-10		74	0	
4495	1981	3	13	21	20	10		10087	-40			74		
4495	1981	3	14	0	10	10		10085	-40			63	0	
4495	1981	3	14	3	10	60		10074	-50			93		
4495	1981	3	14	6	10	70		10036	-50		-50	100	0	
4495	1981	3	14	9	10	120		10014	-30			93		
4495	1981	3	14	12	350	60		10015	-10			93	0	
4495	1981	3	14	15	10	90		10019	10			80		
4495	1981	3	14	18	60	50		10037	-2	10		94	50	
4495	1981	3	14	21	10	50		10057	-10			86		
4495	1981	3	15	0	20	60		10076	-10			93	0	
4495	1981	3	15	3	10	120		10078	-20			100		
4495	1981	3	15	6	10	130		10071	-20		-20	100	0	
4495	1981	3	15	9	10	170		10080	-20			100		
4495	1981	3	15	12	10	140		10076	-10			93	0	
4495	1981	3	15	15	10	140		10074	-10			80		
4495	1981	3	15	18	10	160		10070	-10	-2		100	0	
4495	1981	3	15	21	10	50		10073	-10			100		
4495	1981	3	16	0	70	40		10087	-10				0	
4495	1981	3	16	3	10	40		10112	-20			100		
4495	1981	3	16	6	20	100		10131	-30		-20	100	0	
4495	1981	3	16	9	20	80		10166	-30			100		
4495	1981	3	16	12	10	90		10189	-30			100	0	
4495	1981	3	16	15	20	80		10199	-20			100		
4495	1981	3	16	18	10	90		10202	-30	-20		100	230	
4495	1981	3	16	21	10	90		10204	-30			100		
4495	1981	3	17	0	10	90		10210	-20			100	0	
4495	1981	3	17	3	10	110		10202	-20			100		
4495	1981	3	17	6	20	120		10193	-20		-20	100	0	
4495	1981	3	17	9	10	120		10200	-10			100		
4495	1981	3	17	12	10	150		10217	-10			100	0	
4495	1981	3	17	15	10	160		10230	0			100		
4495	1981	3	17	18	130	10		10181				81		
4495	1981	3	17	21	10	160		10260	-20			74		
4495	1981	3	18	0	10	120		10274	-10			74	0	
4495	1981	3	18	3	10	150		10272	-10			80		
4495	1981	3	18	6	10	170		10286	-10		-30	86	0	
4495	1981	3	18	9	10	170		10297	-30			86		
4495	1981	3	18	12	10	160		10301	-30			74	0	
4495	1981	3	18	15	10	150		10315	-30			80		
4495	1981	3	18	18	10	140		10306	-40	-10		86	0	
4495	1981	3	18	21	10	150		10299	-50			93		
4495	1981	3	19	0	10	140		10291	-50			86	0	
4495	1981	3	19	3	10	130		10279	-50			86		
4495	1981	3	19	6	10	150		10268	-60		-50	93	0	
4495	1981	3	19	9	10	170		10265	-60			68		
4495	1981	3	19	12	10	150		10260	-50			53	0	
4495	1981	3	19	15	10	160		10249	-40			63		
4495	1981	3	19	18	10	150		10240	-40	-40		63	0	
4495	1981	3	19	21	10	140		10233	-40			54		
4495	1981	3	20	0	10	110		10230	-60			58	0	
4495	1981	3	20	3	320	70		10225	-60			58		
4495	1981	3	20	6	10	110		10225	-70		-60	41	0	
4495	1981	3	20	9	330	70		10225	-60			41		
4495	1981	3	20	12	330	60		10218	-40			42	0	
4495	1981	3	20	15	10	100		10220	-20			43		
4495	1981	3	20	18	10	100		10227	-30			46		
4495	1981	3	20	21	10	110		10233	-30			50		
4495	1981	3	21	0	10	100		10232	-30				0	
4495	1981	3	21	3	10	80		10234	-50			63		
4495	1981	3	21	6	10	60		10232	-70		-70	79	0	
4495	1981	3	21	9	10	60		10227	-60					
4495	1981	3	21	12	10	60		10219	-50			86	0	
4495	1981	3	21	15	10	70		10211	-40			74		
4495	1981	3	21	18	10	80								
4495	1981	3	21	21	360	40		10180	-50			73		
4495	1981	3	22	0	10	60		10169	-60			79		
4495	1981	3	22	3	10	60		10156	-50			73		
4495	1981	3	22	6	10	50		10141	-50		-60	79	0	
4495	1981	3	22	9	320	50		10131	-60			86		
4495	1981	3	22	12	10	70		10130	-50			79	0	
4495	1981	3	22	15	20	40		10125	-50			79		
4495	1981	3	22	18	20	40		10114	-50	-40		68	0	
4495	1981	3	22	21	10	70		10116	-80			62		
4495	1981	3	23	0	20	50		10118	-90			62	0	
4495	1981	3	23	3	10	40		10118	-90			67		
4495	1981	3	23	6	20	40		10119	-80		-90	57	0	
4495	1981	3	23	9	10	60		10121	-70			53		
4495	1981	3	23	12	20	40		10132	-60			53	0	
4495	1981	3	23	15	10	80		10136	-50			63		
4495	1981	3	23	18	10	80		10136	-50	-40		73	0	
4495	1981	3	23	21	10	90		10141	-60			68		
4495	1981	3	24	0	10	90		10145	-60			62	0	
4495	1981	3	24	3	10	80		10144	-70			73		
4495	1981	3	24	6	0	30		10137	-80		-80	73	0	
4495	1981	3	24	9	10	50		10136	-90			67		
4495	1981	3	24	12	50	10		10132	-60			62	0	
4495	1981	3	24	15	20	50		10125	-50			49		
4495	1981	3	24	18	70	30		10121	-60			58		
4495	1981	3	24	21	20	60		10126	-90			62		
4495	1981	3	25	0	10	90		10125	-90			57	0	
4495	1981	3	25	3	10	70		10117	-110			56		
4495	1981	3	25	6	0	40		10102	-110		-110	56	0	
4495	1981	3	25	9	10	50		10094	-100			52		
4495	1981	3	25	12	300	20		10073	-90			48	0	
4495	1981	3	25	15	280	30		10054	-70			62		
4495	1981	3	25	18	280	30		10034	-50	-50		58	40	
4495	1981	3	25	21	280	30		10020	-60			68		
4495	1981	3	26	3	140	10		10004	-70			62		
4495	1981	3	26	6	280	30		9989	-50		-70	68	0	
4495	1981	3	26	9	290	50		9985	-50			73		
4495	1981	3	26	12	290	40		9976	-30			68	0	
4495	1981	3	26	15	310	10		9968	-2			51		
4495	1981	3	26	18	50	20		9960	-10	10		54	10	
4495	1981	3	26	21	10	50		9965	-20			63		
4495	1981	3	27	0	100	10		9968	-30			63	0	
4495	1981	3	27	3	260	20		9961	-30			63		
4495	1981	3	27	6	290	40		9956	-30		-40	58	0	
4495	1981	3	27	9	200	30		9955	-30			54		
4495	1981	3	27	12	290	50		9949	-20			50	0	
4495	1981	3	27	15	200	30		9942	-10			59		
4495	1981	3	27	18	280	40		9931	0	0		55	0	
4495	1981	3	27	21	320	40		9931	-10			54		
4495	1981	3	28	0	290	30		9932	-20			63	0	
4495	1981	3	28	3	0	0		9927	-30			93		
4495	1981	3	28	6	240	40		9911	-30		-30	86	0	
4495	1981	3	28	9	280	50		9903	-30			93		
4495	1981	3	28	12	280	50		9893	-20			93	0	
4495	1981	3	28	15	320	50		9881	-20			100		
4495	1981	3	28	18	200	40		9864	-20	-10		93	20	
4495	1981	3	28	21	360	60		9854	-20					
4495	1981	3	29	0	260	40		9822	-20			93	0	
4495	1981	3	29	3	240	60		9786	-2			70		
4495	1981	3	29	6	270	110		9747	0		-20	64	0	
4495	1981	3	29	9	120	20		9745	-10			93		
4495	1981	3	29	12	190	30		9732	-10			93	30	
4495	1981	3	29	15	250	50		9721	-2			75		
4495	1981	3	29	18	280	90		9728	10			64		
4495	1981	3	29	21	270	60		9763	0			93		
4495	1981	3	30	0	290	40		9803	-10			93	0	
4495	1981	3	30	3	280	20		9827	-10			86		
4495	1981	3	30	6	190	10		9854	-20		-20	93	0	
4495	1981	3	30	9	0	200								
4495	1981	3	30	12	260	20		9900	-10			93	20	
4495	1981	3	30	15	60	10		9911	0			93		
4495	1981	3	30	18	260	80		9899	0	0		86	20	
4495	1981	3	30	21	250	70		9901	-2			81		
4495	1981	3	31	0	290	40		9924	-20			93	0	
4495	1981	3	31	3	290	30		9926	-20			93		
4495	1981	3	31	6	280	40		9924	-20		-20	86	0	
4495	1981	3	31	9	260	80		9923	-30			80		
4495	1981	3	31	12	270	90		9922	-10			54	0	
4495	1981	3	31	15	260	100		9921	-10			46		
4495	1981	3	31	18	260	90		9920	-20	-2		50	0	
4495	1981	3	31	21	260	100		9930	-40			49		
4495	1981	4	1	0	260	70		9941	-50			42	0	
4495	1981	4	1	3	260	70		9940	-50			42		
4495	1981	4	1	6	250	90		9932	-60		-60	41	0	
4495	1981	4	1	9	240	40		9935	-70			41		
4495	1981	4	1	12	260	60		9930	-60			38	0	
4495	1981	4	1	15	230	60		9933	-50			38		
4495	1981	4	1	18	270	80		9930	-50	-40		35	0	
4495	1981	4	1	21	250	70		9935	-60			38		
4495	1981	4	2	0	220	40		9938	-80			44	0	
4495	1981	4	2	3	260	70		9928	-90			40		
4495	1981	4	2	6	260	150		9912	-90		-90	40	0	
4495	1981	4	2	9	270	140		9930	-90			52		
4495	1981	4	2	12	270	110		9949	-70			48	0	
4495	1981	4	2	15	270	140		9931	-50			38		
4495	1981	4	2	21	280	50		9920	-20			39		
4495	1981	4	3	0	240	50		9942	-110			61	10	
4495	1981	4	3	3	240	30		9970	-10			31		
4495	1981	4	3	6	260	30		9994	-20		-20	33	10	
4495	1981	4	3	9	250	50		10025	-10			31		
4495	1981	4	3	12	230	60		10060	10			44	0	
4495	1981	4	3	15	260	20		10084	30			52		
4495	1981	4	3	18	220	60		10111	40	40		65	0	
4495	1981	4	3	21	220	10		10132	10			93		
4495	1981	4	4	0	160	10		10132	10			93	10	
4495	1981	4	4	3	0	0		10115	10			93		
4495	1981	4	4	6	0	0		10101	0		0	99	240	
4495	1981	4	4	9	30	10		10102	-10			100		
4495	1981	4	4	12	0	0		10110	-2			94	190	
4495	1981	4	4	15	60	10		10113	-10			100		
4495	1981	4	4	18	0	0		10101	0	0		100	250	
4495	1981	4	5	0	130	10		10090	10			100	30	
4495	1981	4	5	3	260	10		10080	10			93		
4495	1981	4	5	6	220	30		10072	10		0	69	30	
4495	1981	4	5	9	220	30		10075	-2			70		
4495	1981	4	5	12	100	40		10065	10			80	0	
4495	1981	4	5	15	210	60		10049	20			69		
4495	1981	4	5	18	220	60		10030	10	10		69	0	
4495	1981	4	5	21	250	80		10036	-20			46		
4495	1981	4	6	0	260	80		10052	-60			41	0	
4495	1981	4	6	3	260	80		10033	-70			48		
4495	1981	4	6	6	270	140		10007	-60		-60	41	0	
4495	1981	4	6	9	270	120		9985	-80			44		
4495	1981	4	6	12	260	140		9953	-70			41	0	
4495	1981	4	6	15	260	200		9937	-50			38		
4495	1981	4	6	18	270	190		9923	-50	-50		49	0	
4495	1981	4	6	21	270	190		9925	-40			49		
4495	1981	4	7	0	280	140		9942	-30			46	0	
4495	1981	4	7	3	270	140		9940	-10			36		
4495	1981	4	7	6	270	160		9935	-20		-50	43	0	
4495	1981	4	7	9	270	90		9942	-20			43		
4495	1981	4	7	12	280	90		9946	-10			43	120	
4495	1981	4	7	15	280	20		9947	0			47		
4495	1981	4	7	18	350	10		9932	10	10		51	120	
4495	1981	4	7	21	10	60		9922	-10			64		
4495	1981	4	8	0	10	90		9901	-20			69	0	
4495	1981	4	8	3	10	100		9891	-20			69		
4495	1981	4	8	6	10	130		9875	-20		-20	54	0	
4495	1981	4	8	9	10	130		9877	-20			59		
4495	1981	4	8	12	360	130		9877	-20			54	0	
4495	1981	4	8	15	10	80		9877	-10			50		
4495	1981	4	8	18	20	30		9893	-20	-2		74	0	
4495	1981	4	8	21	70	20		9914	-40			86		
4495	1981	4	9	0	110	10		9930	-50			86	0	
4495	1981	4	9	3	140	10		9928	-50			86		
4495	1981	4	9	6	270	30		9913	-40		-50	80	0	
4495	1981	4	9	9	260	100		9907	-20			59		
4495	1981	4	9	12	260	80		9907	-10			50	100	
4495	1981	4	9	15	250	90		9904	-10			50		
4495	1981	4	9	18	250	120		9906	-20	-2		50	120	
4495	1981	4	9	21	260	140		9916	-30			54		
4495	1981	4	10	0	260	100		9932	-40			54	0	
4495	1981	4	10	3	270	120		9933	-40			54		
4495	1981	4	10	6	270	130		9941	-40		-40	49	0	
4495	1981	4	10	9	260	130		9957	-50			53		
4495	1981	4	10	12	270	110		9972	-40			58	0	
4495	1981	4	10	15	270	80		9992	-30			54		
4495	1981	4	10	18	270	50		10005	-10	-2		43	100	
4495	1981	4	10	21	30	20		10025	-20			63		
4495	1981	4	11	0	140	10		10039	-40			74	0	
4495	1981	4	11	3	260	20		10049	-50			58		
4495	1981	4	11	6	280	10		10053	-70		-60	67	0	
4495	1981	4	11	9	280	20		10065	-70			67		
4495	1981	4	11	12	350	10		10071	-30			68	20	
4495	1981	4	11	15	20	60		10073	-30			54		
4495	1981	4	11	18	10	110		10066	-30	-20		50	180	
4495	1981	4	11	21	10	160		10058	-40			63		
4495	1981	4	12	0	10	140		10050	-40			100	0	
4495	1981	4	12	6	10	210		10059	-50		-50	93	0	
4495	1981	4	12	9	10	150		10055	-60			93		
4495	1981	4	12	12	10	130		10053	-70			100	0	
4495	1981	4	12	15	10	100		10045	-40			100		
4495	1981	4	12	18	10	130		10045	-40	-30		100	0	
4495	1981	4	13	0	10	70		10066	-40			100	0	
4495	1981	4	13	3	10	50		10082	-40			93		
4495	1981	4	13	6	10	70		10086	-40		-40	80	0	
4495	1981	4	13	9	330	30		10100	-40			80		
4495	1981	4	13	12	340	40		10100	-20			80	30	
4495	1981	4	13	15	10	130		10089	-20			93		
4495	1981	4	13	18	10	200		10065	-20	-10		100	150	
4495	1981	4	13	21	10	230		10043	-20			100		
4495	1981	4	14	0	10	220		10024	-20			100	10	
4495	1981	4	14	3	10	210		10027	-20			100		
4495	1981	4	14	6	10	210		10007	-20		-20	100	10	
4495	1981	4	14	9	10	140		10011	-20			100		
4495	1981	4	14	12	10	110		10006	-20			100	0	
4495	1981	4	14	15	10	70		10003	-10			100		
4495	1981	4	14	18	30	30		10000	-2	-2		100	210	
4495	1981	4	14	21	70	30		10009	-2			100		
4495	1981	4	15	0	50	20		10025	-10			100	0	
4495	1981	4	15	3	20	30		10033	-2			100		
4495	1981	4	15	6	330	40		10038	-2		-2	100	0	
4495	1981	4	15	9	40	10		10048	0			100		
4495	1981	4	15	12	10	20		10056	20			100	0	
4495	1981	4	15	15	80	10		10063	20					
4495	1981	4	15	18	20	10		10072	30	30			0	
4495	1981	4	15	21	150	20		10088	10					
4495	1981	4	16	0	0	0		10101	0				30	
4495	1981	4	16	3	80	10		10105	-2					
4495	1981	4	16	6	0	0		10101	-2		-2		110	
4495	1981	4	16	9	160	40		10109	10					
4495	1981	4	16	12	170	80		10125	20			100	270	
4495	1981	4	16	15	170	90		10145	20			93		
4495	1981	4	16	18	170	70		10156	20	20		93	350	
4495	1981	4	16	21	160	50		10171	20			100		
4495	1981	4	17	0	160	30		10189	20			100	0	
4495	1981	4	17	3	140	50		10195	30			93		
4495	1981	4	17	6	0	20		10188	20		10	100	0	
4495	1981	4	17	9	100	20		10183	20			100		
4495	1981	4	17	12	310	10		10183	20			100	0	
4495	1981	4	17	15	50	10		10169	30			100		
4495	1981	4	17	18	30	10		10158	20	30		100	10	
4495	1981	4	17	21	210	40		10183	20			100		
4495	1981	4	18	0	100	40		10216	10			80	0	
4495	1981	4	18	3	190	30		10231	10			75		
4495	1981	4	18	6	210	20		10236	-2		-2	94	0	
4495	1981	4	18	9	210	30		10256	-10			80		
4495	1981	4	18	12	250	20		10267	-2			75	0	
4495	1981	4	18	15	220	30		10274	10			59		
4495	1981	4	18	18	220	30		10280	10	10		59	0	
4495	1981	4	18	21	250	50		10292	10			51		
4495	1981	4	19	0	260	60		10303	-10			59	0	
4495	1981	4	19	3	280	30		10304	-10			59		
4495	1981	4	19	6	290	50		10315	-10		-10	64	0	
4495	1981	4	19	9	40	10		10348	-10			59		
4495	1981	4	19	12	10	60		10372	10			55	0	
4495	1981	4	19	15	20	60		10375	20			51		
4495	1981	4	19	18	10	90		10379	10	10		80	0	
4495	1981	4	19	21	10	70		10381	10			69		
4495	1981	4	20	0	10	60		10382	10			69	0	
4495	1981	4	20	3	10	80		10373	10			59		
4495	1981	4	20	6	20	100		10363	10		0	55	0	
4495	1981	4	20	9	10	110		10368	10			55		
4495	1981	4	20	12	10	120		10365	10			51	0	
4495	1981	4	20	15	10	140		10353	20			47		
4495	1981	4	20	18	10	170		10340	20	20		47	0	
4495	1981	4	20	21	10	160		10338	10			93		
4495	1981	4	21	3	10	140		10312	20			100		
4495	1981	4	21	6	10	130		10303	20		0	100	0	
4495	1981	4	21	15	20	150		10268	20			100		
4495	1981	4	21	18	10	170		10258	20	20		93	0	
4495	1981	4	21	21	10	180		10257	20			93		
4495	1981	4	22	0	10	200		10267	30			87	0	
4495	1981	4	22	3	10	200		10277	30			87		
4495	1981	4	22	6	10	180		10284	30		10	87	0	
4495	1981	4	22	9	10	190		10305	20			80		
4495	1981	4	22	12	10	170		10321	10			75	0	
4495	1981	4	22	15	10	140		10325	10			69		
4495	1981	4	22	18	10	130		10326	-2	30		81	0	
4495	1981	4	22	21	20	150		10318	20			55		
4495	1981	4	23	0	10	160		10318	20			64	0	
4495	1981	4	23	3	10	140		10315	20			69		
4495	1981	4	23	6	10	140		10318	20		-2	80	0	
4495	1981	4	23	9	10	130		10325	10			86		
4495	1981	4	23	12	10	120		10323	20			75	0	
4495	1981	4	23	15	10	100		10320	10			80		
4495	1981	4	23	18	10	100		10309	20	20		75	0	
4495	1981	4	23	21	10	70		10300	20			80		
4495	1981	4	24	0	20	70		10294	-2			94	0	
4495	1981	4	24	3	20	60		10289	-2			94		
4495	1981	4	24	6	320	50		10274	10		-2	86	0	
4495	1981	4	24	9	320	50		10262	20			85		
4495	1981	4	24	12	20	60		10254	40			70	0	
4495	1981	4	24	15	20	60		10246	40			74		
4495	1981	4	24	18	10	70		10238	30	40		81	0	
4495	1981	4	24	21	10	70		10232	20			100		
4495	1981	4	25	0	10	90		10229	30			93	0	
4495	1981	4	25	3	10	130		10220	20			100		
4495	1981	4	25	6	10	140		10205	20		10	100	10	
4495	1981	4	25	9	10	160		10196	20			93		
4495	1981	4	25	12	10	140		10185	20			93	160	
4495	1981	4	25	15	10	110		10174	30			93		
4495	1981	4	25	18	10	80		10162	40	30		87	180	
4495	1981	4	25	21	30	50		10159	20			100		
4495	1981	4	26	0	10	70		10158	20			93	30	
4495	1981	4	26	3	10	60		10154	0					
4495	1981	4	26	6	10	140		10130	0		0		150	
4495	1981	4	26	9	10	130		10126	0			99		
4495	1981	4	26	12	10	110		10131	0			99	90	
4495	1981	4	26	15	10	120		10126	-10			100		
4495	1981	4	26	18	10	110		10133	-10	0		93	210	
4495	1981	4	26	21	10	110		10141	-20			93		
4495	1981	4	27	0	10	80		10151	-20			86	0	
4495	1981	4	27	3	10	50		10158	-30			100		
4495	1981	4	27	6	10	70		10159	-30		-30	93	0	
4495	1981	4	27	9	10	70		10149	-20			80		
4495	1981	4	27	12	10	80		10144	-20			80	0	
4495	1981	4	27	15	10	50		10123	-20			93		
4495	1981	4	27	18	0	0		10103	-2	-2		94	0	
4495	1981	4	27	21	0	0		10092	-2			88		
4495	1981	4	28	0	0	0		10091	-10			93	180	
4495	1981	4	28	3	0	0		10084	-10			100		
4495	1981	4	28	6	0	0		10085	-2		-10	94	180	
4495	1981	4	28	9	0	0		10107	-10					
4495	1981	4	28	12	0	0		10126	-2			88	50	
4495	1981	4	28	15	70	30		10141	10			80		
4495	1981	4	28	18	60	40		10153	-2	10		94	60	
4495	1981	4	28	21	10	30		10174	-10			100		
4495	1981	4	29	0	30	20		10193	-10			100	0	
4495	1981	4	29	3	10	50		10202	-20			100		
4495	1981	4	29	6	10	70		10201	-20		-20	93	0	
4495	1981	4	29	9	10	90		10209	-30			100		
4495	1981	4	29	12	30	60		10214	-30			100	0	
4495	1981	4	29	15	10	60		10206	-20			93		
4495	1981	4	29	18	10	20		10202	-10	-2		93	10	
4495	1981	4	29	21	40	20		10203	-10			100		
4495	1981	4	30	0	0	0		10206	-20			100	10	
4495	1981	4	30	3	210	10		10202	-10			93		
4495	1981	4	30	6	220	50		10188	-10		-10	93	10	
4495	1981	4	30	9	240	50		10185	10			75		
4495	1981	4	30	12	240	50		10183	20			69	0	
4495	1981	4	30	15	240	30		10181	40			56		
4495	1981	4	30	18	270	30		10177	50	50		52	0	
4495	1981	4	30	21	10	10		10179	-2			88		
4495	1981	5	1	0	250	30		10174	30			60	0	
4495	1981	5	1	3	230	30		10167	20			64		
4495	1981	5	1	6	230	20		10154	10		-10	75	0	
4495	1981	5	1	9	120	20		10158	-30			100		
4495	1981	5	1	12	30	40		10137	-20			100	20	
4495	1981	5	1	15	10	100		10108	-20			100		
4495	1981	5	1	18	10	150		10069	-20	10			40	
4495	1981	5	1	21	20	70		10035	-10					
4495	1981	5	2	0	110	10		10035	-10				70	
4495	1981	5	2	3	50	70		10034	-30					
4495	1981	5	2	6	10	40		10021	-30		-30		70	
4495	1981	5	2	9	360	10		10033	-20			100		
4495	1981	5	2	12	290	10		10065	0			99	40	
4495	1981	5	2	15	230	60		10092	20			75		
4495	1981	5	2	18	270	50		10105	50	50		60	40	
4495	1981	5	2	21	290	60		10122	60			49		
4495	1981	5	3	0	260	60		10132	40			52	0	
4495	1981	5	3	3	250	80		10125	30			56		
4495	1981	5	3	6	290	80		10134	10		10	59	0	
4495	1981	5	3	9	200	10		10146	10			64		
4495	1981	5	3	12	340	10		10149	30			60	0	
4495	1981	5	3	15	70	20		10155	30			70		
4495	1981	5	3	18	70	20		10147	30	30		70	0	
4495	1981	5	3	21	70	10		10145	20			80		
4495	1981	5	4	0	100	10		10141	-2			60	0	
4495	1981	5	4	3	270	10		10135	-2			94		
4495	1981	5	4	6	290	20		10131	-10		-2	86	0	
4495	1981	5	4	9	290	20		10137	-10			86		
4495	1981	5	4	12	70	50		10150	-2			65	0	
4495	1981	5	4	15	0	30		10156	20			55		
4495	1981	5	4	18	10	40		10165	-10	10		64	0	
4495	1981	5	4	21	10	40		10173	-20			80		
4495	1981	5	5	0	10	40		10180	-30			93	0	
4495	1981	5	5	3	10	60		10185	-40			86		
4495	1981	5	5	6	10	40		10190	-40		-40	74	0	
4495	1981	5	5	9	20	20		10192	-40			74		
4495	1981	5	5	12	320	10		10197	-30			68	0	
4495	1981	5	5	15	60	20		10193	-20			69		
4495	1981	5	5	18	110	30		10186	-20	-10		69	0	
4495	1981	5	5	21	120	20		10184	-30			74		
4495	1981	5	6	0	70	10		10188	-30			68	0	
4495	1981	5	6	3	290	10		10191	-50			79		
4495	1981	5	6	6	200	20		10193	-50		-50	73	0	
4495	1981	5	6	9	330	10		10193	-20			50		
4495	1981	5	6	12	10	110		10197	-10			50	0	
4495	1981	5	6	15	10	120		10201	-10			64		
4495	1981	5	6	18	10	120		10212	-10	-2		59	0	
4495	1981	5	6	21	10	110		10215	-20			59		
4495	1981	5	7	0	10	130		10217	-20			54	0	
4495	1981	5	7	3	10	150		10210	-20			69		
4495	1981	5	7	6	10	110		10196	-40		-30	93	0	
4495	1981	5	7	9	10	100		10192	-40			100		
4495	1981	5	7	12	10	120		10182	-30			100	0	
4495	1981	5	7	15	20	80		10175	-20					
4495	1981	5	7	18	30	50		10179	-20					
4495	1981	5	7	21	10	120		10177	-20					
4495	1981	5	8	0	20	120		10171	-20				10	
4495	1981	5	8	3	10	200		10158	-20					
4495	1981	5	8	6	10	190		10144	-20		-20		10	
4495	1981	5	8	9	10	170		10126	-10					
4495	1981	5	8	12	10	140		10104	-10				0	
4495	1981	5	8	15	360	70		10079	-2					
4495	1981	5	8	18	10	90		10061	10	10			380	
4495	1981	5	8	21	10	100		10044	10					
4495	1981	5	9	0	30	50		10021	10				0	
4495	1981	5	9	3	40	20		10002	10					
4495	1981	5	9	6	280	10		10001	20		0	100	0	
4495	1981	5	9	12	250	50		10032	20			51	0	
4495	1981	5	9	15	270	60		10061	20			44		
4495	1981	5	9	18	100	70		10063	20	20		51	0	
4495	1981	5	9	21	190	90		10035	10			93		
4495	1981	5	10	0	230	90		10052	-2			47	0	
4495	1981	5	10	3	260	60		10100	-20			46		
4495	1981	5	10	6	250	70		10129	-30		-30	42	0	
4495	1981	5	10	9	270	60		10147	-20			43		
4495	1981	5	10	12	270	60		10157	-10			46	0	
4495	1981	5	10	15	280	30		10163	10			40		
4495	1981	5	10	18	270	70		10163	10	10		37	0	
4495	1981	5	10	21	240	30		10163	10			40		
4495	1981	5	11	0	230	40		10157	-10			46	0	
4495	1981	5	11	3	210	60		10139	-10			46		
4495	1981	5	11	6	250	10		10120	-20		-20	69	0	
4495	1981	5	11	9	30	30		10099	-30			93		
4495	1981	5	11	12	10	140		10063	-40			100	0	
4495	1981	5	11	15	10	150		10029	-30			93		
4495	1981	5	11	18	10	80		10012	-30	-10		93	0	
4495	1981	5	11	21	350	20		10022	-10			86		
4495	1981	5	12	0	140	20		10042	-30			100	20	
4495	1981	5	12	3	110	20		10054	-30			100		
4495	1981	5	12	6	0	0		10073	-30		-20	100	20	
4495	1981	5	12	9	210	40		10082	-30			100		
4495	1981	5	12	12	290	40		10085	10			69	10	
4495	1981	5	12	21	80	10		10103	-2			94		
4495	1981	5	13	0	10	70		10119	-10			100	0	
4495	1981	5	13	3	10	120		10115	-10			93		
4495	1981	5	13	9	340	30		10111	-2			75		
4495	1981	5	13	12	290	30		10106	10			80	30	
4495	1981	5	14	0	10	40		10137	-10			93	0	
4495	1981	5	14	3	300	10		10141	0			86		
4495	1981	5	14	6	230	40		10154	-10		-2	86	0	
4495	1981	5	14	9	230	30		10163	-2			81		
4495	1981	5	14	12	190	20		10165	30			60	0	
4495	1981	5	14	21	70	10		10157	0			93		
4495	1981	5	15	3	80	10		10149	-20					
4495	1981	5	15	6	110	10		10142	-20		-30	93	0	
4495	1981	5	15	9	0	0		10143	0			86		
4495	1981	5	15	12	120	10		10132	10			80	0	
4495	1981	5	15	15	220	20		10107	60			52		
4495	1981	5	15	18	260	70		10087	90	90		34	0	
4495	1981	5	16	3	320	10		10105	20			69		
4495	1981	5	16	6	330	10		10125	20		0	69	10	
4495	1981	5	16	9	200	10		10149	30			65		
4495	1981	5	16	12	30	40		10174	50			60	0	
4495	1981	5	16	15	70	20		10181	60			52		
4495	1981	5	16	18	70	20		10191	40	70		60	0	
4495	1981	5	17	0	140	10		10204	30			75	0	
4495	1981	5	17	12	240	20		10181	40			70	0	
4495	1981	5	17	15	220	50		10157	50			65		
4495	1981	5	17	18	260	30		10137	70	70		57	0	
4495	1981	5	17	21	270	40		10114	70			57		
4495	1981	5	18	0	240	50		10099	80			57	0	
4495	1981	5	18	6	270	10		10122	10		0	80	0	
4495	1981	5	18	12									0	
4495	1981	5	18	15	60	10		10139	70			42		
4495	1981	5	18	18	10	30		10144	60	70		39	0	
4495	1981	5	18	21	20	20		10157	30			75		
4495	1981	5	19	0	10	20		10164	30			75	0	
4495	1981	5	19	3	40	10		10159	10			86		
4495	1981	5	19	6	60	10		10154	10		0	92	0	
4495	1981	5	19	9	150	10		10148	10			86		
4495	1981	5	19	12	140	20		10132	20			85	0	
4495	1981	5	19	15	150	30		10120	50			81		
4495	1981	5	19	18	290	20		10102	50	50		75	0	
4495	1981	5	19	21	230	20		10090	60			93		
4495	1981	5	20	0	90	10		10080	30			93	20	
4495	1981	5	20	3	30	10		10075	10					
4495	1981	5	20	6	10	40		10070	0		0	100	90	
4495	1981	5	20	9	40	30		10068	10			93		
4495	1981	5	21	3	10	150		9995	0					
4495	1981	5	21	6	10	150		9988	10		0		150	
4495	1981	5	21	9	10	150		9990	10					
4495	1981	5	21	21	10	110		10021	10			100		
4495	1981	5	22	0									10	
4495	1981	5	22	3										
4495	1981	5	25	12									0	
4495	1981	12	28	15										
4495	1981	12	28	18									0	
4495	1981	12	29	12									0	
4495	1981	12	29	15										
4495	1981	12	29	18									0	
