stat_no	year	month	day	hour	precip	periode
34234	2004	12	1	12	27	24
34234	2004	12	2	12	23	24
34234	2004	12	3	12	26	24
34234	2004	12	4	12	0	24
34234	2004	12	5	12	0	24
34234	2004	12	6	12	0	24
34234	2004	12	7	12	8	24
34234	2004	12	8	12	15	24
34234	2004	12	9	12	47	24
34234	2004	12	10	12	0	24
34234	2004	12	11	12	0	24
34234	2004	12	12	12	0	24
34234	2004	12	13	12	0	24
34234	2004	12	14	12	40	24
34234	2004	12	15	12	2	24
34234	2004	12	16	12	75	24
34234	2004	12	17	12	23	24
34234	2004	12	19	12	88	48
34234	2004	12	20	12	25	24
34234	2004	12	21	12	20	24
34234	2004	12	22	12	0	24
34234	2004	12	23	12	0	24
34234	2004	12	27	12	236	96
34234	2004	12	28	12	45	24
34234	2004	12	29	12	-1	24
34234	2004	12	30	12	0	24
34234	2004	12	31	12	0	24
34234	2005	1	1	12	0	24
34234	2005	1	2	12	0	24
34234	2005	1	3	12	-1	24
34234	2005	1	4	12	28	24
34234	2005	1	5	12	30	24
34234	2005	1	6	12	0	24
34234	2005	1	7	12	5	24
34234	2005	1	8	12	15	24
34234	2005	1	10	12	8	48
34234	2005	1	11	12	39	24
34234	2005	1	12	12	-1	24
34234	2005	1	13	12	0	24
34234	2005	1	14	12	10	24
34234	2005	1	15	12	4	24
34234	2005	1	17	12	34	48
34234	2005	1	18	12	25	24
34234	2005	1	19	12	0	24
34234	2005	1	20	12	19	24
34234	2005	1	21	12	54	24
34234	2005	1	22	12	28	24
34234	2005	1	24	12	104	48
34234	2005	1	25	12	278	24
34234	2005	1	26	12	85	24
34234	2005	1	27	12	-1	24
34234	2005	1	28	12	42	24
34234	2005	1	29	12	30	24
34234	2005	1	31	12	13	48
34234	2005	2	1	12	3	24
34234	2005	2	2	12	8	24
34234	2005	2	3	12	24	24
34234	2005	2	4	12	3	24
34234	2005	2	5	12	37	24
34234	2005	2	7	12	68	48
34234	2005	2	8	12	2	24
34234	2005	2	9	12	3	24
34234	2005	2	10	12	205	24
34234	2005	2	11	12	34	24
34234	2005	2	12	12	14	24
34234	2005	2	14	12	247	48
34234	2005	2	15	12	17	24
34234	2005	2	16	12	4	24
34234	2005	2	18	12	15	48
34234	2005	2	19	12	237	24
34234	2005	2	20	12	14	24
34234	2005	2	21	12	4	24
34234	2005	2	22	12	10	24
34234	2005	2	23	12	7	24
34234	2005	2	24	12	0	24
34234	2005	2	25	12	0	24
34234	2005	2	26	12	0	24
34234	2005	2	27	12	0	24
34234	2005	2	28	12	0	24
34234	2005	3	1	12	7	24
34234	2005	3	2	12	46	24
34234	2005	3	3	12	7	24
34234	2005	3	4	12	297	24
34234	2005	3	5	12	3	24
34234	2005	3	7	12	0	48
34234	2005	3	8	12	10	24
34234	2005	3	9	12	-1	24
34234	2005	3	10	12	214	24
34234	2005	3	11	12	0	24
34234	2005	3	12	12	0	24
34234	2005	3	14	12	0	48
34234	2005	3	15	12	0	24
34234	2005	3	16	12	0	24
34234	2005	3	17	12	0	24
34234	2005	3	18	12	0	24
34234	2005	3	19	12	0	24
34234	2005	3	21	12	-1	48
34234	2005	3	22	12	5	24
34234	2005	3	23	12	0	24
34234	2005	3	26	12	0	72
34234	2005	3	28	12	47	48
34234	2005	3	29	12	15	24
34234	2005	3	30	12	22	24
34234	2005	3	31	12	2	24
34234	2005	4	1	12	0	24
34234	2005	4	2	12	0	24
34234	2005	4	4	12	14	48
34234	2005	4	5	12	0	24
34234	2005	4	6	12	0	24
34234	2005	4	7	12	76	24
34234	2005	4	8	12	13	24
34234	2005	4	9	12	16	24
34234	2005	4	11	12	-1	48
34234	2005	4	13	12	241	48
34234	2005	4	22	12	0	216
34234	2005	4	23	12	0	24
34234	2005	4	25	12	-1	48
34234	2005	4	26	12	-1	24
34234	2005	4	27	12	0	24
34234	2005	4	28	12	0	24
34234	2005	4	29	12	-1	24
34234	2005	5	1	12	74	48
34234	2005	5	2	12	0	24
34234	2005	5	3	12	-1	24
34234	2005	5	4	12	83	24
34234	2005	5	5	12	20	24
34234	2005	5	6	12	-1	24
34234	2005	5	7	12	-1	24
34234	2005	5	9	12	61	48
34234	2005	5	10	12	0	24
34234	2005	5	11	12	21	24
34234	2005	5	12	12	117	24
34234	2005	5	16	12	350	96
34234	2005	5	17	12	-1	24
34234	2005	5	18	12	0	24
34234	2005	5	19	12	0	24
34234	2005	5	20	12	0	24
34234	2005	5	21	12	9	24
34234	2005	5	23	12	-1	48
34234	2005	5	25	12	84	48
34234	2005	5	27	12	-1	48
34234	2005	5	28	12	0	24
34234	2005	5	30	12	69	48
34234	2005	5	31	12	10	24
34234	2005	6	1	12	18	24
34234	2005	6	2	12	7	24
34234	2005	6	6	12	0	96
34234	2005	6	7	12	0	24
34234	2005	6	8	12	0	24
34234	2005	6	9	12	-1	24
34234	2005	6	10	12	-1	24
34234	2005	6	11	12	0	24
34234	2005	6	12	12	0	24
34234	2005	6	13	12	0	24
34234	2005	6	14	12	0	24
34234	2005	6	15	12	0	24
34234	2005	6	16	12	0	24
34234	2005	6	17	12	0	24
34234	2005	6	18	12	0	24
34234	2005	6	20	12	22	48
34234	2005	6	21	12	-1	24
34234	2005	6	22	12	50	24
34234	2005	6	23	12	16	24
34234	2005	6	24	12	-1	24
34234	2005	6	25	12	-1	24
34234	2005	6	27	12	0	48
34234	2005	6	28	12	0	24
34234	2005	6	29	12	0	24
34234	2005	6	30	12	18	24
34234	2005	7	1	12	-1	24
34234	2005	7	2	12	0	24
34234	2005	7	4	12	28	48
34234	2005	7	5	12	23	24
34234	2005	7	6	12	0	24
34234	2005	7	7	12	11	24
34234	2005	7	8	12	0	24
34234	2005	7	9	12	0	24
34234	2005	7	11	12	0	48
34234	2005	7	12	12	1	24
34234	2005	7	13	12	-1	24
34234	2005	7	14	12	493	24
34234	2005	7	15	12	43	24
34234	2005	7	16	12	-1	24
34234	2005	7	18	12	12	48
34234	2005	7	19	12	-1	24
34234	2005	7	20	12	0	24
34234	2005	7	21	12	0	24
34234	2005	7	22	12	0	24
34234	2005	7	23	12	10	24
34234	2005	7	25	12	70	48
34234	2005	7	26	12	-1	24
34234	2005	7	27	12	0	24
34234	2005	7	28	12	0	24
34234	2005	7	30	12	193	48
34234	2005	8	1	12	-1	48
34234	2005	8	2	12	3	24
34234	2005	8	3	12	-1	24
34234	2005	8	4	12	0	24
34234	2005	8	5	12	0	24
34234	2005	8	6	12	0	24
34234	2005	8	8	12	0	48
34234	2005	8	9	12	0	24
34234	2005	8	11	12	21	48
34234	2005	8	12	12	-1	24
34234	2005	8	13	12	0	24
34234	2005	8	15	12	10	48
34234	2005	8	16	12	0	24
34234	2005	8	17	12	0	24
34234	2005	8	18	12	0	24
34234	2005	8	19	12	0	24
34234	2005	8	20	12	15	24
34234	2005	8	22	12	54	48
34234	2005	8	23	12	-1	24
34234	2005	8	24	12	55	24
34234	2005	8	25	12	3	24
34234	2005	8	26	12	48	24
34234	2005	8	27	12	1	24
34234	2005	8	29	12	-1	48
34234	2005	8	30	12	0	24
34234	2005	8	31	12	30	24
34234	2005	9	1	12	74	24
34234	2005	9	2	12	37	24
34234	2005	9	3	12	0	24
34234	2005	9	5	12	0	48
34234	2005	9	6	12	0	24
34234	2005	9	7	12	0	24
34234	2005	9	8	12	0	24
34234	2005	9	10	12	0	48
34234	2005	9	12	12	-1	48
34234	2005	9	13	12	16	24
34234	2005	9	14	12	24	24
34234	2005	9	16	12	231	48
34234	2005	9	17	12	101	24
34234	2005	9	19	12	91	48
34234	2005	9	20	12	0	24
34234	2005	9	21	12	5	24
34234	2005	9	22	12	76	24
34234	2005	9	23	12	52	24
34234	2005	9	24	12	0	24
34234	2005	9	26	12	-1	48
34234	2005	9	27	12	25	24
34234	2005	9	28	12	0	24
34234	2005	9	29	12	0	24
34234	2005	9	30	12	0	24
34234	2005	10	1	12	116	24
34234	2005	10	3	12	3	48
34234	2005	10	4	12	0	24
34234	2005	10	5	12	0	24
34234	2005	10	6	12	11	24
34234	2005	10	7	12	13	24
34234	2005	10	8	12	0	24
34234	2005	10	10	12	0	48
34234	2005	10	11	12	0	24
34234	2005	10	12	12	18	24
34234	2005	10	13	12	215	24
34234	2005	10	14	12	37	24
34234	2005	10	15	12	0	24
34234	2005	10	17	12	0	48
34234	2005	10	18	12	0	24
34234	2005	10	19	12	0	24
34234	2005	10	20	12	0	24
34234	2005	10	21	12	0	24
34234	2005	10	22	12	0	24
34234	2005	10	24	12	-1	48
34234	2005	10	25	12	95	24
34234	2005	10	26	12	3	24
34234	2005	10	27	12	-1	24
34234	2005	10	28	12	-1	24
34234	2005	10	29	12	6	24
34234	2005	10	31	12	0	48
34234	2005	11	1	12	-1	24
34234	2005	11	2	12	51	24
34234	2005	11	3	12	12	24
34234	2005	11	4	12	6	24
34234	2005	11	5	12	-1	24
34234	2005	11	7	12	49	48
34234	2005	11	8	12	0	24
34234	2005	11	9	12	78	24
34234	2005	11	10	12	60	24
34234	2005	11	11	12	40	24
34234	2005	11	12	12	0	24
34234	2005	11	14	12	14	48
34234	2005	11	15	12	2	24
34234	2005	11	16	12	22	24
34234	2005	11	17	12	7	24
34234	2005	11	18	12	1	24
34234	2005	11	19	12	12	24
34234	2005	11	21	12	98	48
34234	2005	11	22	12	0	24
34234	2005	11	23	12	-1	24
34234	2005	11	24	12	132	24
34234	2005	11	25	12	21	24
34234	2005	11	26	12	4	24
34234	2005	11	28	12	6	48
34234	2005	11	29	12	30	24
34234	2005	12	2	12	0	72
34234	2005	12	3	12	0	24
34234	2005	12	5	12	0	48
34234	2005	12	6	12	7	24
34234	2005	12	7	12	0	24
34234	2005	12	8	12	0	24
34234	2005	12	9	12	4	24
34234	2005	12	10	12	10	24
34234	2005	12	12	12	102	48
34234	2005	12	14	12	75	48
34234	2005	12	15	12	33	24
34234	2005	12	17	12	-1	48
34234	2005	12	19	12	29	48
34234	2005	12	20	12	2	24
34234	2005	12	21	12	10	24
34234	2005	12	22	12	-1	24
34234	2005	12	23	12	-1	24
34234	2005	12	27	12	26	96
34234	2005	12	28	12	21	24
34234	2005	12	29	12	0	24
34234	2005	12	30	12	0	24
34234	2006	1	2	12	33	24
34234	2006	1	3	12	5	24
34234	2006	1	4	12	-1	24
34234	2006	1	5	12	32	24
34234	2006	1	6	12	13	24
34234	2006	1	7	12	64	24
34234	2006	1	9	12	10	48
34234	2006	1	10	12	-1	24
34234	2006	1	11	12	192	24
34234	2006	1	12	12	95	24
34234	2006	1	13	12	6	24
34234	2006	1	14	12	-1	24
34234	2006	1	16	12	0	48
34234	2006	1	17	12	0	24
34234	2006	1	18	12	10	24
34234	2006	1	19	12	4	24
34234	2006	1	20	12	0	24
34234	2006	1	21	12	15	24
34234	2006	1	23	12	-1	48
34234	2006	1	24	12	8	24
34234	2006	1	25	12	3	24
34234	2006	1	26	12	-1	24
34234	2006	1	27	12	27	24
34234	2006	1	28	12	-1	24
34234	2006	1	30	12	2	48
34234	2006	1	31	12	5	24
34234	2006	2	1	12	0	24
34234	2006	2	2	12	0	24
34234	2006	2	3	12	0	24
34234	2006	2	4	12	0	24
34234	2006	2	6	12	0	48
34234	2006	2	7	12	0	24
34234	2006	2	8	12	3	24
34234	2006	2	9	12	7	24
34234	2006	2	10	12	6	24
34234	2006	2	11	12	0	24
34234	2006	2	13	12	3	48
34234	2006	2	14	12	0	24
34234	2006	2	16	12	0	48
34234	2006	2	17	12	0	24
34234	2006	2	18	12	3	24
34234	2006	2	20	12	4	48
34234	2006	2	21	12	4	24
34234	2006	2	22	12	30	24
34234	2006	2	23	12	13	24
34234	2006	2	24	12	0	24
34234	2006	2	25	12	0	24
34234	2006	2	27	12	0	48
34234	2006	2	28	12	0	24
34234	2006	3	1	12	0	24
34234	2006	3	2	12	0	24
34234	2006	3	3	12	0	24
34234	2006	3	4	12	0	24
34234	2006	3	6	12	0	48
34234	2006	3	7	12	22	24
34234	2006	3	8	12	0	24
34234	2006	3	9	12	-1	24
34234	2006	3	10	12	0	24
34234	2006	3	11	12	0	24
34234	2006	3	13	12	0	48
34234	2006	3	14	12	0	24
34234	2006	3	15	12	0	24
34234	2006	3	16	12	0	24
34234	2006	3	17	12	31	24
34234	2006	3	18	12	3	24
34234	2006	3	20	12	0	48
34234	2006	3	21	12	0	24
34234	2006	3	22	12	0	24
34234	2006	3	23	12	2	24
34234	2006	3	24	12	20	24
34234	2006	3	25	12	111	24
34234	2006	3	27	12	1	48
34234	2006	3	28	12	0	24
34234	2006	3	30	12	0	48
34234	2006	3	31	12	-1	24
34234	2006	4	1	12	6	24
34234	2006	4	3	12	67	48
34234	2006	4	4	12	13	24
34234	2006	4	5	12	2	24
34234	2006	4	6	12	16	24
34234	2006	4	7	12	5	24
34234	2006	4	8	12	95	24
34234	2006	4	10	12	30	48
34234	2006	4	11	12	1	24
34234	2006	4	12	12	0	24
34234	2006	4	13	12	86	24
34234	2006	4	15	12	0	48
34234	2006	4	17	12	4	48
34234	2006	4	18	12	2	24
34234	2006	4	19	12	-1	24
34234	2006	4	20	12	0	24
34234	2006	4	21	12	2	24
34234	2006	4	22	12	64	24
34234	2006	4	23	12	7	24
34234	2006	4	24	12	35	24
34234	2006	4	25	12	0	24
34234	2006	4	26	12	0	24
34234	2006	4	28	12	1	48
34234	2006	4	29	12	2	24
34234	2006	5	1	12	19	48
34234	2006	5	2	12	-1	24
34234	2006	5	3	12	5	24
34234	2006	5	4	12	-1	24
34234	2006	5	5	12	5	24
34234	2006	5	6	12	46	24
34234	2006	5	8	12	114	48
34234	2006	5	9	12	-1	24
34234	2006	5	10	12	0	24
34234	2006	5	11	12	-1	24
34234	2006	5	12	12	0	24
34234	2006	5	13	12	22	24
34234	2006	5	15	12	69	48
34234	2006	5	16	12	0	24
34234	2006	5	17	12	0	24
34234	2006	5	18	12	-1	24
34234	2006	5	19	12	-1	24
34234	2006	5	20	12	0	24
34234	2006	5	22	12	-1	48
34234	2006	5	23	12	0	24
34234	2006	5	25	12	32	48
34234	2006	5	26	12	11	24
34234	2006	5	27	12	0	24
34234	2006	5	29	12	0	48
34234	2006	5	30	12	0	24
34234	2006	5	31	12	-1	24
34234	2006	6	1	12	0	24
34234	2006	6	2	12	0	24
34234	2006	6	3	12	3	24
34234	2006	6	5	12	0	48
34234	2006	6	6	12	0	24
34234	2006	6	7	12	0	24
34234	2006	6	8	12	0	24
34234	2006	6	9	12	0	24
34234	2006	6	10	12	12	24
34234	2006	6	12	12	0	48
34234	2006	6	13	12	2	24
34234	2006	6	14	12	122	24
34234	2006	6	15	12	22	24
34234	2006	6	16	12	5	24
34234	2006	6	17	12	28	24
34234	2006	6	18	12	23	24
34234	2006	6	19	12	49	24
34234	2006	6	20	12	0	24
34234	2006	6	21	12	-1	24
34234	2006	6	22	12	44	24
34234	2006	6	23	12	129	24
34234	2006	6	24	12	12	24
34234	2006	6	26	12	0	48
34234	2006	6	27	12	0	24
34234	2006	6	28	12	-1	24
34234	2006	6	29	12	0	24
34234	2006	6	30	12	0	24
34234	2006	7	1	12	0	24
34234	2006	7	3	12	43	48
34234	2006	7	4	12	0	24
34234	2006	7	5	12	0	24
34234	2006	7	6	12	35	24
34234	2006	7	7	12	5	24
34234	2006	7	8	12	0	24
34234	2006	7	10	12	4	48
34234	2006	7	11	12	0	24
34234	2006	7	12	12	14	24
34234	2006	7	13	12	0	24
34234	2006	7	14	12	0	24
34234	2006	7	15	12	0	24
34234	2006	7	17	12	0	48
34234	2006	7	18	12	6	24
34234	2006	7	19	12	29	24
34234	2006	7	20	12	41	24
34234	2006	7	21	12	3	24
34234	2006	7	22	12	78	24
34234	2006	7	24	12	197	48
34234	2006	7	25	12	0	24
34234	2006	7	26	12	0	24
34234	2006	7	27	12	-1	24
34234	2006	7	28	12	0	24
34234	2006	7	29	12	0	24
34234	2006	7	31	12	0	48
34234	2006	8	2	12	0	48
34234	2006	8	3	12	2	24
34234	2006	8	4	12	15	24
34234	2006	8	5	12	25	24
34234	2006	8	7	12	2	48
34234	2006	8	8	12	15	24
34234	2006	8	9	12	64	24
34234	2006	8	10	12	63	24
34234	2006	8	11	12	0	24
34234	2006	8	12	12	0	24
34234	2006	8	14	12	0	48
34234	2006	8	15	12	33	24
34234	2006	8	16	12	11	24
34234	2006	8	17	12	63	24
34234	2006	8	18	12	236	24
34234	2006	8	19	12	58	24
34234	2006	8	21	12	238	48
34234	2006	8	24	12	-1	72
34234	2006	8	25	12	9	24
34234	2006	8	26	12	-1	24
34234	2006	8	28	12	-1	48
34234	2006	8	29	12	0	24
34234	2006	8	30	12	-1	24
34234	2006	9	2	12	31	72
34234	2006	9	4	12	12	48
34234	2006	9	5	12	2	24
34234	2006	9	6	12	62	24
34234	2006	9	7	12	24	24
34234	2006	9	8	12	-1	24
34234	2006	9	9	12	4	24
34234	2006	9	11	12	98	48
34234	2006	9	12	12	9	24
34234	2006	9	13	12	0	24
34234	2006	9	14	12	-1	24
34234	2006	9	15	12	123	24
34234	2006	9	16	12	24	24
34234	2006	9	18	12	2	48
34234	2006	9	19	12	0	24
34234	2006	9	20	12	0	24
34234	2006	9	21	12	5	24
34234	2006	9	22	12	-1	24
34234	2006	9	23	12	1	24
34234	2006	9	25	12	55	48
34234	2006	9	26	12	0	24
34234	2006	9	28	12	0	48
34234	2006	9	29	12	53	24
34234	2006	9	30	12	54	24
34234	2006	10	2	12	365	48
34234	2006	10	3	12	13	24
34234	2006	10	4	12	36	24
34234	2006	10	5	12	-1	24
34234	2006	10	6	12	-1	24
34234	2006	10	7	12	0	24
34234	2006	10	9	12	0	48
34234	2006	10	10	12	0	24
34234	2006	10	11	12	0	24
34234	2006	10	12	12	0	24
34234	2006	10	13	12	0	24
34234	2006	10	14	12	0	24
34234	2006	10	16	12	0	48
34234	2006	10	17	12	-1	24
34234	2006	10	18	12	26	24
34234	2006	10	19	12	0	24
34234	2006	10	20	12	0	24
34234	2006	10	21	12	0	24
34234	2006	10	23	12	0	48
34234	2006	10	24	12	0	24
34234	2006	10	25	12	0	24
34234	2006	10	26	12	0	24
34234	2006	10	27	12	-1	24
34234	2006	10	28	12	-1	24
34234	2006	10	30	12	0	48
34234	2006	11	1	12	0	48
34234	2006	11	2	12	-1	24
34234	2006	11	3	12	16	24
34234	2006	11	4	12	41	24
34234	2006	11	6	12	66	48
34234	2006	11	7	12	-1	24
34234	2006	11	8	12	2	24
34234	2006	11	9	12	79	24
34234	2006	11	10	12	27	24
34234	2006	11	13	12	60	72
34234	2006	11	14	12	8	24
34234	2006	11	15	12	0	24
34234	2006	11	16	12	1	24
34234	2006	11	17	12	-1	24
34234	2006	11	18	12	0	24
34234	2006	11	20	12	32	48
34234	2006	11	21	12	-1	24
34234	2006	11	22	12	3	24
34234	2006	11	23	12	-1	24
34234	2006	11	25	12	0	48
34234	2006	11	27	12	96	48
34234	2006	11	28	12	-1	24
34234	2006	11	29	12	0	24
34234	2006	11	30	12	24	24
34234	2006	12	1	12	15	24
34234	2006	12	2	12	4	24
34234	2006	12	4	12	108	48
34234	2006	12	5	12	2	24
34234	2006	12	6	12	64	24
34234	2006	12	7	12	17	24
34234	2006	12	8	12	-1	24
34234	2006	12	9	12	-1	24
34234	2006	12	11	12	47	48
34234	2006	12	12	12	12	24
34234	2006	12	13	12	3	24
34234	2006	12	14	12	0	24
34234	2006	12	15	12	0	24
34234	2006	12	16	12	21	24
34234	2006	12	17	12	16	24
34234	2006	12	18	12	17	24
34234	2006	12	19	12	6	24
34234	2006	12	20	12	0	24
34234	2006	12	21	12	0	24
34234	2006	12	22	12	7	24
34234	2006	12	23	12	6	24
34234	2006	12	27	12	16	96
34234	2006	12	28	12	4	24
34234	2006	12	30	12	40	48
34234	2007	1	2	12	13	24
34234	2007	1	3	12	-1	24
34234	2007	1	4	12	-1	24
34234	2007	1	6	12	20	48
34234	2007	1	8	12	0	48
34234	2007	1	9	12	0	24
34234	2007	1	10	12	41	24
34234	2007	1	11	12	15	24
34234	2007	1	12	12	0	24
34234	2007	1	13	12	0	24
34234	2007	1	16	12	16	72
34234	2007	1	17	12	0	24
34234	2007	1	18	12	4	24
34234	2007	1	19	12	-1	24
34234	2007	1	20	12	3	24
34234	2007	1	22	12	223	48
34234	2007	1	23	12	109	24
34234	2007	1	24	12	83	24
34234	2007	1	25	12	9	24
34234	2007	1	26	12	67	24
34234	2007	1	27	12	48	24
34234	2007	1	29	12	35	48
34234	2007	1	31	12	6	48
34234	2007	2	1	12	10	24
34234	2007	2	3	12	4	48
34234	2007	2	5	12	0	48
34234	2007	2	6	12	-1	24
34234	2007	2	7	12	0	24
34234	2007	2	9	12	0	48
34234	2007	2	10	12	0	24
34234	2007	2	12	12	0	48
34234	2007	2	13	12	0	24
34234	2007	2	14	12	4	24
34234	2007	2	15	12	14	24
34234	2007	2	16	12	125	24
34234	2007	2	17	12	0	24
34234	2007	2	19	12	0	48
34234	2007	2	20	12	0	24
34234	2007	2	21	12	0	24
34234	2007	2	22	12	0	24
34234	2007	2	23	12	0	24
34234	2007	2	24	12	0	24
34234	2007	2	26	12	2	48
34234	2007	2	27	12	10	24
34234	2007	2	28	12	0	24
34234	2007	3	2	12	13	48
34234	2007	3	5	12	0	72
34234	2007	3	6	12	0	24
34234	2007	3	7	12	0	24
34234	2007	3	8	12	0	24
34234	2007	3	9	12	0	24
34234	2007	3	10	12	0	24
34234	2007	3	12	12	28	48
34234	2007	3	13	12	9	24
34234	2007	3	14	12	13	24
34234	2007	3	15	12	-1	24
34234	2007	3	16	12	1	24
34234	2007	3	17	12	23	24
34234	2007	3	19	12	17	48
34234	2007	3	20	12	127	24
34234	2007	3	21	12	37	24
34234	2007	3	22	12	2	24
34234	2007	3	23	12	9	24
34234	2007	3	24	12	1	24
34234	2007	3	26	12	0	48
34234	2007	3	27	12	0	24
34234	2007	3	28	12	49	24
34234	2007	3	29	12	15	24
34234	2007	3	30	12	-1	24
34234	2007	3	31	12	16	24
34234	2007	4	1	12	26	24
34234	2007	4	2	12	22	24
34234	2007	4	3	12	12	24
34234	2007	4	4	12	58	24
34234	2007	4	7	12	-1	72
34234	2007	4	9	12	-1	48
34234	2007	4	10	12	4	24
34234	2007	4	11	12	16	24
34234	2007	4	12	12	0	24
34234	2007	4	13	12	-1	24
34234	2007	4	14	12	0	24
34234	2007	4	16	12	61	48
34234	2007	4	17	12	34	24
34234	2007	4	18	12	0	24
34234	2007	4	19	12	47	24
34234	2007	4	21	12	8	48
34234	2007	4	23	12	-1	48
34234	2007	4	24	12	0	24
34234	2007	4	25	12	0	24
34234	2007	4	26	12	0	24
34234	2007	4	27	12	-1	24
34234	2007	4	28	12	-1	24
34234	2007	4	29	12	13	24
34234	2007	4	30	12	0	24
34234	2007	5	1	12	-1	24
34234	2007	5	2	12	0	24
34234	2007	5	3	12	0	24
34234	2007	5	4	12	0	24
34234	2007	5	5	12	0	24
34234	2007	5	7	12	-1	48
34234	2007	5	8	12	20	24
34234	2007	5	9	12	-1	24
34234	2007	5	10	12	27	24
34234	2007	5	11	12	7	24
34234	2007	5	12	12	4	24
34234	2007	5	14	12	0	48
34234	2007	5	15	12	5	24
34234	2007	5	16	12	15	24
34234	2007	5	17	12	0	24
34234	2007	5	18	12	26	24
34234	2007	5	19	12	21	24
34234	2007	5	21	12	59	48
34234	2007	5	22	12	0	24
34234	2007	5	23	12	0	24
34234	2007	5	26	12	19	72
34234	2007	5	28	12	0	48
34234	2007	5	29	12	0	24
34234	2007	5	30	12	-1	24
34234	2007	5	31	12	12	24
34234	2007	6	1	12	0	24
34234	2007	6	2	12	0	24
34234	2007	6	4	12	0	48
34234	2007	6	5	12	-1	24
34234	2007	6	6	12	0	24
34234	2007	6	7	12	0	24
34234	2007	6	8	12	18	24
34234	2007	6	11	12	190	72
34234	2007	6	13	12	58	48
34234	2007	6	14	12	0	24
34234	2007	6	15	12	27	24
34234	2007	6	16	12	78	24
34234	2007	6	18	12	158	48
34234	2007	6	19	12	10	24
34234	2007	6	20	12	19	24
34234	2007	6	21	12	105	24
34234	2007	6	22	12	-1	24
34234	2007	6	23	12	0	24
34234	2007	6	25	12	11	48
34234	2007	6	26	12	29	24
34234	2007	6	27	12	29	24
34234	2007	6	29	12	0	48
34234	2007	6	30	12	0	24
34234	2007	7	2	12	0	48
34234	2007	7	3	12	0	24
34234	2007	7	5	12	0	48
34234	2007	7	6	12	0	24
34234	2007	7	7	12	0	24
34234	2007	7	9	12	0	48
34234	2007	7	10	12	0	24
34234	2007	7	11	12	0	24
34234	2007	7	12	12	0	24
34234	2007	7	13	12	0	24
34234	2007	7	14	12	3	24
34234	2007	7	16	12	164	48
34234	2007	7	17	12	-1	24
34234	2007	7	18	12	63	24
34234	2007	7	19	12	69	24
34234	2007	7	20	12	76	24
34234	2007	7	21	12	-1	24
34234	2007	7	24	12	0	72
34234	2007	7	25	12	65	24
34234	2007	7	26	12	430	24
34234	2007	7	27	12	151	24
34234	2007	7	28	12	85	24
34234	2007	7	30	12	38	48
34234	2007	8	4	12	0	120
34234	2007	8	6	12	35	48
34234	2007	8	7	12	44	24
34234	2007	8	9	12	2	48
34234	2007	8	10	12	0	24
34234	2007	8	13	12	0	72
34234	2007	8	15	12	129	48
34234	2007	8	18	12	119	72
34234	2007	8	23	12	222	120
34234	2007	8	24	12	18	24
34234	2007	8	27	12	19	72
34234	2007	8	28	12	-1	24
34234	2007	8	29	12	0	24
34234	2007	8	30	12	154	24
34234	2007	8	31	12	-1	24
34234	2007	9	1	12	-1	24
34234	2007	9	2	12	0	24
34234	2007	9	3	12	0	24
34234	2007	9	4	12	10	24
34234	2007	9	5	12	-1	24
34234	2007	9	6	12	0	24
34234	2007	9	8	12	148	48
34234	2007	9	10	12	53	48
34234	2007	9	13	12	21	72
34234	2007	9	14	12	0	24
34234	2007	9	15	12	0	24
34234	2007	9	17	12	243	48
34234	2007	9	18	12	148	24
34234	2007	9	19	12	62	24
34234	2007	9	20	12	249	24
34234	2007	9	22	12	-1	48
34234	2007	9	24	12	-1	48
34234	2007	9	26	12	21	48
34234	2007	9	27	12	19	24
34234	2007	9	28	12	3	24
34234	2007	9	29	12	0	24
34234	2007	10	1	12	0	48
34234	2007	10	2	12	49	24
34234	2007	10	3	12	33	24
34234	2007	10	4	12	3	24
34234	2007	10	5	12	0	24
34234	2007	10	6	12	-1	24
34234	2007	10	8	12	0	48
34234	2007	10	9	12	0	24
34234	2007	10	10	12	0	24
34234	2007	10	11	12	0	24
34234	2007	10	12	12	-1	24
34234	2007	10	15	12	4	72
34234	2007	10	16	12	0	24
34234	2007	10	17	12	3	24
34234	2007	10	18	12	0	24
34234	2007	10	19	12	-1	24
34234	2007	10	20	12	12	24
34234	2007	10	23	12	94	72
34234	2007	10	24	12	56	24
34234	2007	10	25	12	-1	24
34234	2007	10	26	12	64	24
34234	2007	10	27	12	2	24
34234	2007	10	29	12	18	48
34234	2007	10	30	12	0	24
34234	2007	10	31	12	0	24
34234	2007	11	1	12	0	24
34234	2007	11	2	12	0	24
34234	2007	11	3	12	-1	24
34234	2007	11	5	12	22	48
34234	2007	11	6	12	-1	24
34234	2007	11	7	12	12	24
34234	2007	11	8	12	7	24
34234	2007	11	9	12	147	24
34234	2007	11	10	12	-1	24
34234	2007	11	13	12	5	72
34234	2007	11	14	12	-1	24
34234	2007	11	15	12	-1	24
34234	2007	11	17	12	21	48
34234	2007	11	19	12	112	48
34234	2007	11	20	12	67	24
34234	2007	11	21	12	150	24
34234	2007	11	22	12	19	24
34234	2007	11	23	12	20	24
34234	2007	11	24	12	132	24
34234	2007	11	26	12	50	48
34234	2007	11	27	12	49	24
34234	2007	11	28	12	80	24
34234	2007	11	29	12	0	24
34234	2007	11	30	12	16	24
34234	2007	12	1	12	0	24
34234	2007	12	3	12	133	48
34234	2007	12	4	12	19	24
34234	2007	12	5	12	-1	24
34234	2007	12	6	12	24	24
34234	2007	12	7	12	-1	24
34234	2007	12	8	12	51	24
34234	2007	12	10	12	-1	48
34234	2007	12	11	12	0	24
34234	2007	12	12	12	8	24
34234	2007	12	13	12	-1	24
34234	2007	12	14	12	-1	24
34234	2007	12	15	12	30	24
34234	2007	12	17	12	33	48
34234	2007	12	18	12	-1	24
34234	2007	12	21	12	17	72
34234	2007	12	22	12	11	24
34234	2007	12	23	12	74	24
34234	2007	12	27	12	35	96
34234	2007	12	28	12	42	24
34234	2007	12	29	12	114	24
34234	2008	1	2	12	98	24
34234	2008	1	3	12	-1	24
34234	2008	1	4	12	0	24
34234	2008	1	7	12	31	72
34234	2008	1	8	12	17	24
34234	2008	1	9	12	0	24
34234	2008	1	10	12	0	24
34234	2008	1	12	12	7	48
34234	2008	1	14	12	18	48
34234	2008	1	15	12	38	24
34234	2008	1	16	12	-1	24
34234	2008	1	17	12	-1	24
34234	2008	1	18	12	83	24
34234	2008	1	19	12	191	24
34234	2008	1	21	12	13	48
34234	2008	1	22	12	-1	24
34234	2008	1	23	12	7	24
34234	2008	1	24	12	153	24
34234	2008	1	25	12	198	24
34234	2008	1	28	12	115	72
34234	2008	1	29	12	3	24
34234	2008	1	30	12	0	24
34234	2008	1	31	12	0	24
34234	2008	2	1	12	0	24
34234	2008	2	4	12	65	72
34234	2008	2	5	12	30	24
34234	2008	2	6	12	9	24
34234	2008	2	7	12	7	24
34234	2008	2	8	12	7	24
34234	2008	2	9	12	0	24
34234	2008	2	11	12	25	48
34234	2008	2	12	12	0	24
34234	2008	2	13	12	0	24
34234	2008	2	14	12	27	24
34234	2008	2	15	12	4	24
34234	2008	2	16	12	-1	24
34234	2008	2	18	12	10	48
34234	2008	2	19	12	15	24
34234	2008	2	20	12	2	24
34234	2008	2	21	12	0	24
34234	2008	2	22	12	60	24
34234	2008	2	23	12	15	24
34234	2008	2	25	12	38	48
34234	2008	2	26	12	0	24
34234	2008	2	27	12	40	24
34234	2008	2	28	12	0	24
34234	2008	2	29	12	0	24
34234	2008	3	1	12	3	24
34234	2008	3	3	12	11	48
34234	2008	3	4	12	0	24
34234	2008	3	5	12	5	24
34234	2008	3	6	12	11	24
34234	2008	3	7	12	32	24
34234	2008	3	8	12	121	24
34234	2008	3	10	12	0	48
34234	2008	3	11	12	0	24
34234	2008	3	12	12	-1	24
34234	2008	3	13	12	58	24
34234	2008	3	14	12	37	24
34234	2008	3	15	12	-1	24
34234	2008	3	16	12	-1	24
34234	2008	3	17	12	14	24
34234	2008	3	18	12	14	24
34234	2008	3	19	12	4	24
34234	2008	3	22	12	159	72
34234	2008	3	23	12	157	24
34234	2008	3	24	12	15	24
34234	2008	3	25	12	0	24
34234	2008	3	26	12	3	24
34234	2008	3	27	12	-1	24
34234	2008	3	28	12	1	24
34234	2008	3	31	12	0	72
34234	2008	4	2	12	0	48
34234	2008	4	3	12	0	24
34234	2008	4	4	12	0	24
34234	2008	4	7	12	104	72
34234	2008	4	8	12	44	24
34234	2008	4	11	12	14	72
34234	2008	4	12	12	0	24
34234	2008	4	14	12	47	48
34234	2008	4	15	12	0	24
34234	2008	4	16	12	0	24
34234	2008	4	17	12	0	24
34234	2008	4	18	12	4	24
34234	2008	4	19	12	0	24
34234	2008	4	22	12	18	72
34234	2008	4	23	12	0	24
34234	2008	4	24	12	0	24
34234	2008	4	25	12	0	24
34234	2008	4	26	12	0	24
34234	2008	4	28	12	13	48
34234	2008	4	29	12	15	24
34234	2008	4	30	12	38	24
34234	2008	5	1	12	67	24
34234	2008	5	2	12	21	24
34234	2008	5	3	12	0	24
34234	2008	5	4	12	0	24
34234	2008	5	5	12	0	24
34234	2008	5	6	12	0	24
34234	2008	5	7	12	0	24
34234	2008	5	8	12	0	24
34234	2008	5	9	12	2	24
34234	2008	5	10	12	-1	24
34234	2008	5	12	12	0	48
34234	2008	5	13	12	0	24
34234	2008	5	14	12	0	24
34234	2008	5	15	12	91	24
34234	2008	5	16	12	6	24
34234	2008	5	17	12	0	24
34234	2008	5	19	12	25	48
34234	2008	5	20	12	20	24
34234	2008	5	21	12	-1	24
34234	2008	5	22	12	0	24
34234	2008	5	23	12	0	24
34234	2008	5	26	12	-1	72
34234	2008	5	27	12	17	24
34234	2008	5	28	12	13	24
34234	2008	5	29	12	0	24
34234	2008	5	30	12	36	24
34234	2008	5	31	12	0	24
34234	2008	6	2	12	0	48
34234	2008	6	3	12	0	24
34234	2008	6	4	12	0	24
34234	2008	6	5	12	0	24
34234	2008	6	6	12	0	24
34234	2008	6	7	12	0	24
34234	2008	6	9	12	0	48
34234	2008	6	11	12	25	48
34234	2008	6	12	12	-1	24
34234	2008	6	13	12	44	24
34234	2008	6	14	12	168	24
34234	2008	6	18	12	1	96
34234	2008	6	19	12	-1	24
34234	2008	6	20	12	0	24
34234	2008	6	21	12	-1	24
34234	2008	6	23	12	0	48
34234	2008	6	24	12	0	24
34234	2008	6	26	12	-1	48
34234	2008	6	27	12	0	24
34234	2008	6	28	12	3	24
34234	2008	6	30	12	0	48
34234	2008	7	1	12	0	24
34234	2008	7	3	12	-1	48
34234	2008	7	4	12	0	24
34234	2008	7	5	12	0	24
34234	2008	7	7	12	8	48
34234	2008	7	8	12	0	24
34234	2008	7	10	12	36	48
34234	2008	7	11	12	35	24
34234	2008	7	12	12	0	24
34234	2008	7	14	12	22	48
34234	2008	7	15	12	-1	24
34234	2008	7	16	12	0	24
34234	2008	7	17	12	0	24
34234	2008	7	18	12	0	24
34234	2008	7	19	12	0	24
34234	2008	7	21	12	50	48
34234	2008	7	22	12	0	24
34234	2008	7	23	12	0	24
34234	2008	7	24	12	-1	24
34234	2008	7	26	12	0	48
34234	2008	7	29	12	0	72
34234	2008	7	30	12	0	24
34234	2008	7	31	12	0	24
34234	2008	8	1	12	-1	24
34234	2008	8	4	12	9	72
34234	2008	8	5	12	3	24
34234	2008	8	6	12	0	24
34234	2008	8	7	12	0	24
34234	2008	8	8	12	0	24
34234	2008	8	9	12	0	24
34234	2008	8	11	12	-1	48
34234	2008	8	12	12	-1	24
34234	2008	8	13	12	3	24
34234	2008	8	14	12	258	24
34234	2008	8	15	12	0	24
34234	2008	8	16	12	0	24
34234	2008	8	18	12	35	48
34234	2008	8	19	12	30	24
34234	2008	8	20	12	0	24
34234	2008	8	21	12	41	24
34234	2008	8	22	12	12	24
34234	2008	8	23	12	20	24
34234	2008	8	25	12	45	48
34234	2008	8	27	12	24	48
34234	2008	8	28	12	43	24
34234	2008	8	29	12	0	24
34234	2008	8	31	12	0	48
34234	2008	9	1	12	87	24
34234	2008	9	2	12	8	24
34234	2008	9	4	12	70	48
34234	2008	9	5	12	25	24
34234	2008	9	6	12	68	24
34234	2008	9	8	12	41	48
34234	2008	9	9	12	3	24
34234	2008	9	10	12	0	24
34234	2008	9	11	12	4	24
34234	2008	9	12	12	0	24
34234	2008	9	13	12	-1	24
34234	2008	9	15	12	71	48
34234	2008	9	16	12	7	24
34234	2008	9	18	12	16	48
34234	2008	9	20	12	40	48
34234	2008	9	22	12	22	48
34234	2008	9	23	12	0	24
34234	2008	9	24	12	0	24
34234	2008	9	26	12	-1	48
34234	2008	9	27	12	90	24
34234	2008	9	29	12	213	48
34234	2008	9	30	12	18	24
34234	2008	10	1	12	18	24
34234	2008	10	2	12	-1	24
34234	2008	10	3	12	0	24
34234	2008	10	4	12	0	24
34234	2008	10	6	12	0	48
34234	2008	10	7	12	0	24
34234	2008	10	8	12	0	24
34234	2008	10	10	12	0	48
34234	2008	10	13	12	102	72
34234	2008	10	14	12	55	24
34234	2008	10	15	12	126	24
34234	2008	10	17	12	32	48
34234	2008	10	19	12	101	48
34234	2008	10	20	12	144	24
34234	2008	10	21	12	4	24
34234	2008	10	23	12	-1	48
34234	2008	10	24	12	78	24
34234	2008	10	25	12	13	24
34234	2008	10	27	12	48	48
34234	2008	10	28	12	168	24
34234	2008	10	29	12	18	24
34234	2008	10	30	12	467	24
34234	2008	10	31	12	246	24
34234	2008	11	1	12	12	24
34234	2008	11	3	12	123	48
34234	2008	11	5	12	112	48
34234	2008	11	6	12	5	24
34234	2008	11	7	12	43	24
34234	2008	11	8	12	0	24
34234	2008	11	10	12	2	48
34234	2008	11	11	12	0	24
34234	2008	11	12	12	0	24
34234	2008	11	13	12	100	24
34234	2008	11	14	12	21	24
34234	2008	11	15	12	61	24
34234	2008	11	17	12	197	48
34234	2008	11	19	12	9	48
34234	2008	11	20	12	47	24
34234	2008	11	21	12	39	24
34234	2008	11	24	12	143	72
34234	2008	11	25	12	-1	24
34234	2008	11	26	12	0	24
34234	2008	11	27	12	-1	24
34234	2008	11	28	12	0	24
34234	2008	12	1	12	78	72
34234	2008	12	2	12	19	24
34234	2008	12	3	12	-1	24
34234	2008	12	4	12	22	24
34234	2008	12	5	12	14	24
34234	2008	12	6	12	41	24
34234	2008	12	8	12	60	48
34234	2008	12	9	12	-1	24
34234	2008	12	11	12	83	48
34234	2008	12	12	12	18	24
34234	2008	12	13	12	-1	24
34234	2008	12	15	12	90	48
34234	2008	12	16	12	18	24
34234	2008	12	17	12	34	24
34234	2008	12	18	12	22	24
34234	2008	12	19	12	0	24
34234	2008	12	20	12	0	24
34234	2008	12	21	12	-1	24
34234	2008	12	22	12	-1	24
34234	2008	12	23	12	-1	24
34234	2008	12	27	12	235	96
34234	2008	12	30	12	0	72
34234	2009	1	2	12	0	24
34234	2009	1	3	12	0	24
34234	2009	1	4	12	0	24
34234	2009	1	5	12	0	24
34234	2009	1	6	12	0	24
34234	2009	1	7	12	-1	24
34234	2009	1	8	12	0	24
34234	2009	1	9	12	20	24
34234	2009	1	10	12	16	24
34234	2009	1	12	12	17	48
34234	2009	1	13	12	2	24
34234	2009	1	14	12	-1	24
34234	2009	1	15	12	85	24
34234	2009	1	17	12	5	48
34234	2009	1	19	12	0	48
34234	2009	1	20	12	0	24
34234	2009	1	21	12	0	24
34234	2009	1	23	12	0	48
34234	2009	1	24	12	0	24
34234	2009	1	26	12	0	48
34234	2009	1	27	12	0	24
34234	2009	1	28	12	12	24
34234	2009	1	29	12	0	24
34234	2009	1	30	12	10	24
34234	2009	1	31	12	33	24
34234	2009	2	2	12	0	48
34234	2009	2	3	12	0	24
34234	2009	2	4	12	0	24
34234	2009	2	5	12	3	24
34234	2009	2	6	12	7	24
34234	2009	2	7	12	0	24
34234	2009	2	9	12	-1	48
34234	2009	2	10	12	0	24
34234	2009	2	11	12	0	24
34234	2009	2	12	12	0	24
34234	2009	2	13	12	0	24
34234	2009	2	14	12	0	24
34234	2009	2	16	12	1	48
34234	2009	2	17	12	77	24
34234	2009	2	18	12	66	24
34234	2009	2	19	12	12	24
34234	2009	2	20	12	3	24
34234	2009	2	21	12	0	24
34234	2009	2	23	12	0	48
34234	2009	2	24	12	0	24
34234	2009	2	26	12	-1	48
34234	2009	2	27	12	0	24
34234	2009	2	28	12	38	24
34234	2009	3	2	12	37	48
34234	2009	3	3	12	0	24
34234	2009	3	4	12	12	24
34234	2009	3	5	12	-1	24
34234	2009	3	6	12	0	24
34234	2009	3	7	12	0	24
34234	2009	3	9	12	0	48
34234	2009	3	10	12	0	24
34234	2009	3	11	12	0	24
34234	2009	3	12	12	1	24
34234	2009	3	13	12	0	24
34234	2009	3	14	12	0	24
34234	2009	3	16	12	0	48
34234	2009	3	17	12	-1	24
34234	2009	3	18	12	4	24
34234	2009	3	19	12	0	24
34234	2009	3	20	12	0	24
34234	2009	3	21	12	-1	24
34234	2009	3	23	12	-1	48
34234	2009	3	25	12	1	48
34234	2009	3	26	12	2	24
34234	2009	3	27	12	62	24
34234	2009	3	28	12	100	24
34234	2009	3	29	12	0	24
34234	2009	3	31	12	0	48
34234	2009	4	1	12	0	24
34234	2009	4	2	12	0	24
34234	2009	4	3	12	0	24
34234	2009	4	4	12	0	24
34234	2009	4	7	12	5	72
34234	2009	4	8	12	0	24
34234	2009	4	11	12	-1	72
34234	2009	4	13	12	0	48
34234	2009	4	14	12	-1	24
34234	2009	4	15	12	-1	24
34234	2009	4	16	12	0	24
34234	2009	4	17	12	0	24
34234	2009	4	18	12	0	24
34234	2009	4	20	12	18	48
34234	2009	4	21	12	8	24
34234	2009	4	22	12	6	24
34234	2009	4	24	12	0	48
34234	2009	4	25	12	5	24
34234	2009	4	28	12	6	72
34234	2009	4	29	12	9	24
34234	2009	4	30	12	8	24
34234	2009	5	1	12	42	24
34234	2009	5	2	12	0	24
34234	2009	5	4	12	37	48
34234	2009	5	5	12	-1	24
34234	2009	5	6	12	0	24
34234	2009	5	7	12	0	24
34234	2009	5	8	12	0	24
34234	2009	5	9	12	20	24
34234	2009	5	11	12	0	48
34234	2009	5	12	12	0	24
34234	2009	5	13	12	0	24
34234	2009	5	14	12	10	24
34234	2009	5	15	12	-1	24
34234	2009	5	18	12	0	72
34234	2009	5	19	12	-1	24
34234	2009	5	20	12	-1	24
34234	2009	5	21	12	0	24
34234	2009	5	22	12	0	24
34234	2009	5	23	12	0	24
34234	2009	5	25	12	0	48
34234	2009	5	28	12	-1	72
34234	2009	5	29	12	-1	24
34234	2009	5	30	12	-1	24
34234	2009	6	1	12	28	48
34234	2009	6	2	12	15	24
34234	2009	6	3	12	62	24
34234	2009	6	4	12	-1	24
34234	2009	6	5	12	-1	24
34234	2009	6	9	12	20	96
34234	2009	6	10	12	0	24
34234	2009	6	11	12	-1	24
34234	2009	6	12	12	-1	24
34234	2009	6	13	12	-1	24
34234	2009	6	15	12	-1	48
34234	2009	6	16	12	0	24
34234	2009	6	17	12	0	24
34234	2009	6	18	12	10	24
34234	2009	6	19	12	0	24
34234	2009	6	20	12	50	24
34234	2009	6	22	12	12	48
34234	2009	6	23	12	0	24
34234	2009	6	24	12	3	24
34234	2009	6	25	12	5	24
34234	2009	6	26	12	185	24
34234	2009	6	27	12	20	24
34234	2009	6	29	12	0	48
34234	2009	6	30	12	140	24
34234	2009	7	1	12	69	24
34234	2009	7	2	12	12	24
34234	2009	7	3	12	24	24
34234	2009	7	7	12	0	96
34234	2009	7	8	12	0	24
34234	2009	7	9	12	0	24
34234	2009	7	10	12	0	24
34234	2009	7	13	12	43	72
34234	2009	7	14	12	155	24
34234	2009	7	15	12	-1	24
34234	2009	7	16	12	0	24
34234	2009	7	17	12	0	24
34234	2009	7	18	12	0	24
34234	2009	7	20	12	0	48
34234	2009	7	21	12	0	24
34234	2009	7	22	12	0	24
34234	2009	7	23	12	0	24
34234	2009	7	24	12	0	24
34234	2009	7	25	12	-1	24
34234	2009	7	27	12	5	48
34234	2009	7	28	12	-1	24
34234	2009	7	29	12	0	24
34234	2009	7	30	12	-1	24
34234	2009	7	31	12	0	24
34234	2009	8	1	12	0	24
34234	2009	8	3	12	16	48
34234	2009	8	4	12	0	24
34234	2009	8	5	12	0	24
34234	2009	8	6	12	0	24
34234	2009	8	7	12	0	24
34234	2009	8	8	12	0	24
34234	2009	8	10	12	0	48
34234	2009	8	11	12	0	24
34234	2009	8	12	12	0	24
34234	2009	8	13	12	0	24
34234	2009	8	14	12	0	24
34234	2009	8	15	12	-1	24
34234	2009	8	17	12	1	48
34234	2009	8	18	12	0	24
34234	2009	8	19	12	0	24
34234	2009	8	20	12	69	24
34234	2009	8	21	12	39	24
34234	2009	8	22	12	0	24
34234	2009	8	24	12	-1	48
34234	2009	8	25	12	0	24
34234	2009	8	26	12	0	24
34234	2009	8	27	12	0	24
34234	2009	8	29	12	0	48
34234	2009	8	31	12	13	48
34234	2009	9	1	12	103	24
34234	2009	9	2	12	0	24
34234	2009	9	3	12	0	24
34234	2009	9	4	12	3	24
34234	2009	9	7	12	0	72
34234	2009	9	8	12	-1	24
34234	2009	9	9	12	0	24
34234	2009	9	10	12	-1	24
34234	2009	9	11	12	204	24
34234	2009	9	12	12	241	24
34234	2009	9	14	12	-1	48
34234	2009	9	15	12	20	24
34234	2009	9	16	12	0	24
34234	2009	9	17	12	-1	24
34234	2009	9	18	12	22	24
34234	2009	9	19	12	-1	24
34234	2009	9	21	12	-1	48
34234	2009	9	22	12	39	24
34234	2009	9	23	12	55	24
34234	2009	9	24	12	38	24
34234	2009	9	25	12	119	24
34234	2009	9	26	12	75	24
34234	2009	9	28	12	19	48
34234	2009	9	29	12	33	24
34234	2009	9	30	12	0	24
34234	2009	10	1	12	0	24
34234	2009	10	2	12	0	24
34234	2009	10	3	12	-1	24
34234	2009	10	5	12	40	48
34234	2009	10	6	12	-1	24
34234	2009	10	7	12	0	24
34234	2009	10	8	12	0	24
34234	2009	10	9	12	0	24
34234	2009	10	10	12	0	24
34234	2009	10	12	12	0	48
34234	2009	10	13	12	0	24
34234	2009	10	14	12	5	24
34234	2009	10	15	12	24	24
34234	2009	10	16	12	3	24
34234	2009	10	17	12	27	24
34234	2009	10	19	12	181	48
34234	2009	10	20	12	6	24
34234	2009	10	21	12	10	24
34234	2009	10	22	12	0	24
34234	2009	10	23	12	0	24
34234	2009	10	24	12	30	24
34234	2009	10	26	12	10	48
34234	2009	10	27	12	2	24
34234	2009	10	28	12	36	24
34234	2009	10	29	12	-1	24
34234	2009	10	30	12	0	24
34234	2009	11	2	12	30	72
34234	2009	11	3	12	27	24
34234	2009	11	4	12	2	24
34234	2009	11	5	12	0	24
34234	2009	11	6	12	12	24
34234	2009	11	7	12	0	24
34234	2009	11	9	12	21	48
34234	2009	11	10	12	55	24
34234	2009	11	12	12	0	48
34234	2009	11	13	12	0	24
34234	2009	11	14	12	0	24
34234	2009	11	16	12	0	48
34234	2009	11	17	12	-1	24
34234	2009	11	19	12	52	48
34234	2009	11	20	12	105	24
34234	2009	11	21	12	-1	24
34234	2009	11	23	12	35	48
34234	2009	11	24	12	10	24
34234	2009	11	25	12	-1	24
34234	2009	11	26	12	10	24
34234	2009	11	27	12	5	24
34234	2009	11	28	12	2	24
34234	2009	11	30	12	-1	48
34234	2009	12	1	12	0	24
34234	2009	12	2	12	0	24
34234	2009	12	3	12	0	24
34234	2009	12	4	12	13	24
34234	2009	12	5	12	10	24
34234	2009	12	7	12	0	48
34234	2009	12	8	12	-1	24
34234	2009	12	9	12	20	24
34234	2009	12	10	12	3	24
34234	2009	12	11	12	0	24
34234	2009	12	12	12	0	24
34234	2009	12	14	12	-1	48
34234	2009	12	15	12	37	24
34234	2009	12	16	12	57	24
34234	2009	12	17	12	40	24
34234	2009	12	18	12	0	24
34234	2009	12	19	12	0	24
34234	2009	12	21	12	-1	48
34234	2009	12	22	12	0	24
34234	2009	12	23	12	-1	24
34234	2009	12	26	12	5	72
34234	2009	12	28	12	-1	48
34234	2009	12	29	12	-1	24
34234	2009	12	30	12	-1	24
34234	2010	1	2	12	235	72
34234	2010	1	5	12	-1	72
34234	2010	1	6	12	0	24
34234	2010	1	7	12	0	24
34234	2010	1	8	12	3	24
34234	2010	1	9	12	15	24
34234	2010	1	11	12	4	48
34234	2010	1	12	12	54	24
34234	2010	1	14	12	38	48
34234	2010	1	15	12	8	24
34234	2010	1	16	12	4	24
34234	2010	1	18	12	33	48
34234	2010	1	19	12	9	24
34234	2010	1	20	12	0	24
34234	2010	1	21	12	53	24
34234	2010	1	23	12	31	48
34234	2010	1	25	12	18	48
34234	2010	1	26	12	20	24
34234	2010	1	27	12	67	24
34234	2010	1	28	12	15	24
34234	2010	1	29	12	10	24
34234	2010	1	30	12	29	24
34234	2010	2	1	12	42	48
34234	2010	2	3	12	0	48
34234	2010	2	4	12	0	24
34234	2010	2	5	12	0	24
34234	2010	2	6	12	28	24
34234	2010	2	8	12	9	48
34234	2010	2	9	12	0	24
34234	2010	2	11	12	0	48
34234	2010	2	12	12	-1	24
34234	2010	2	13	12	-1	24
34234	2010	2	15	12	0	48
34234	2010	2	16	12	-1	24
34234	2010	2	17	12	21	24
34234	2010	2	18	12	10	24
34234	2010	2	19	12	-1	24
34234	2010	2	20	12	-1	24
34234	2010	2	22	12	45	48
34234	2010	2	23	12	0	24
34234	2010	2	24	12	5	24
34234	2010	2	26	12	36	48
34234	2010	2	27	12	6	24
34234	2010	3	1	12	102	48
34234	2010	3	2	12	97	24
34234	2010	3	3	12	32	24
34234	2010	3	4	12	19	24
34234	2010	3	5	12	5	24
34234	2010	3	6	12	-1	24
34234	2010	3	8	12	0	48
34234	2010	3	9	12	0	24
34234	2010	3	10	12	26	24
34234	2010	3	11	12	16	24
34234	2010	3	12	12	9	24
34234	2010	3	15	12	6	72
34234	2010	3	16	12	-1	24
34234	2010	3	17	12	0	24
34234	2010	3	18	12	0	24
34234	2010	3	19	12	0	24
34234	2010	3	20	12	0	24
34234	2010	3	22	12	6	48
34234	2010	3	24	12	8	48
34234	2010	3	25	12	12	24
34234	2010	3	26	12	0	24
34234	2010	3	27	12	0	24
34234	2010	3	29	12	0	48
34234	2010	3	30	12	0	24
34234	2010	3	31	12	0	24
34234	2010	4	3	12	20	72
34234	2010	4	5	12	-1	48
34234	2010	4	6	12	0	24
34234	2010	4	7	12	0	24
34234	2010	4	8	12	-1	24
34234	2010	4	9	12	-1	24
34234	2010	4	10	12	0	24
34234	2010	4	12	12	2	48
34234	2010	4	13	12	-1	24
34234	2010	4	14	12	54	24
34234	2010	4	15	12	3	24
34234	2010	4	16	12	0	24
34234	2010	4	17	12	0	24
34234	2010	4	19	12	192	48
34234	2010	4	23	12	0	96
34234	2010	4	26	12	1	72
34234	2010	4	27	12	0	24
34234	2010	4	28	12	0	24
34234	2010	5	1	12	22	72
34234	2010	5	3	12	47	48
34234	2010	5	4	12	135	24
34234	2010	5	5	12	27	24
34234	2010	5	6	12	0	24
34234	2010	5	7	12	0	24
34234	2010	5	8	12	0	24
34234	2010	5	10	12	4	48
34234	2010	5	11	12	6	24
34234	2010	5	12	12	17	24
34234	2010	5	13	12	11	24
34234	2010	5	14	12	0	24
34234	2010	5	17	12	0	72
34234	2010	5	18	12	0	24
34234	2010	5	19	12	0	24
34234	2010	5	20	12	14	24
34234	2010	5	21	12	31	24
34234	2010	5	22	12	9	24
34234	2010	5	25	12	0	72
34234	2010	5	26	12	0	24
34234	2010	5	27	12	0	24
34234	2010	5	28	12	-1	24
34234	2010	5	29	12	5	24
34234	2010	5	31	12	0	48
34234	2010	6	1	12	-1	24
34234	2010	6	2	12	-1	24
34234	2010	6	3	12	-1	24
34234	2010	6	4	12	0	24
34234	2010	6	5	12	-1	24
34234	2010	6	7	12	19	48
34234	2010	6	8	12	19	24
34234	2010	6	9	12	-1	24
34234	2010	6	10	12	14	24
34234	2010	6	11	12	-1	24
34234	2010	6	12	12	49	24
34234	2010	6	14	12	29	48
34234	2010	6	15	12	0	24
34234	2010	6	16	12	0	24
34234	2010	6	17	12	0	24
34234	2010	6	18	12	1	24
34234	2010	6	19	12	75	24
34234	2010	6	21	12	11	48
34234	2010	6	22	12	17	24
34234	2010	6	23	12	0	24
34234	2010	6	24	12	4	24
34234	2010	6	25	12	-1	24
34234	2010	6	26	12	15	24
34234	2010	6	28	12	-1	48
34234	2010	6	29	12	0	24
34234	2010	6	30	12	-1	24
34234	2010	7	1	12	-1	24
34234	2010	7	2	12	0	24
34234	2010	7	3	12	4	24
34234	2010	7	5	12	-1	48
34234	2010	7	8	12	-1	72
34234	2010	7	9	12	-1	24
34234	2010	7	11	12	0	48
34234	2010	7	12	12	0	24
34234	2010	7	13	12	-1	24
34234	2010	7	14	12	77	24
34234	2010	7	15	12	129	24
34234	2010	7	16	12	-1	24
34234	2010	7	20	12	0	96
34234	2010	7	21	12	2	24
34234	2010	7	22	12	-1	24
34234	2010	7	23	12	0	24
34234	2010	7	24	12	2	24
34234	2010	7	25	12	6	24
34234	2010	7	26	12	-1	24
34234	2010	7	27	12	-1	24
34234	2010	7	28	12	0	24
34234	2010	7	29	12	-1	24
34234	2010	7	30	12	20	24
34234	2010	7	31	12	25	24
34234	2010	8	1	12	0	24
34234	2010	8	2	12	39	24
34234	2010	8	3	12	261	24
34234	2010	8	4	12	-1	24
34234	2010	8	5	12	-1	24
34234	2010	8	6	12	-1	24
34234	2010	8	7	12	0	24
34234	2010	8	9	12	-1	48
34234	2010	8	10	12	8	24
34234	2010	8	11	12	-1	24
34234	2010	8	12	12	0	24
34234	2010	8	13	12	-1	24
34234	2010	8	14	12	-1	24
34234	2010	8	16	12	0	48
34234	2010	8	17	12	0	24
34234	2010	8	18	12	0	24
34234	2010	8	19	12	0	24
34234	2010	8	20	12	0	24
34234	2010	8	21	12	0	24
34234	2010	8	23	12	-1	48
34234	2010	8	24	12	64	24
34234	2010	8	25	12	14	24
34234	2010	8	26	12	5	24
34234	2010	8	27	12	298	24
34234	2010	8	28	12	183	24
34234	2010	8	29	12	151	24
34234	2010	8	30	12	48	24
34234	2010	8	31	12	9	24
34234	2010	9	1	12	0	24
34234	2010	9	2	12	-1	24
34234	2010	9	3	12	3	24
34234	2010	9	4	12	0	24
34234	2010	9	7	12	0	72
34234	2010	9	8	12	0	24
34234	2010	9	9	12	9	24
34234	2010	9	10	12	32	24
34234	2010	9	11	12	-1	24
34234	2010	9	13	12	8	48
34234	2010	9	15	12	-1	48
34234	2010	9	16	12	0	24
34234	2010	9	17	12	9	24
34234	2010	9	18	12	3	24
34234	2010	9	20	12	1	48
34234	2010	9	21	12	3	24
34234	2010	9	22	12	-1	24
34234	2010	9	24	12	0	48
34234	2010	9	25	12	0	24
34234	2010	9	27	12	33	48
34234	2010	9	28	12	0	24
34234	2010	9	29	12	0	24
34234	2010	9	30	12	10	24
34234	2010	10	1	12	0	24
34234	2010	10	2	12	0	24
34234	2010	10	4	12	0	48
34234	2010	10	5	12	-1	24
34234	2010	10	6	12	158	24
34234	2010	10	7	12	8	24
34234	2010	10	8	12	0	24
34234	2010	10	9	12	-1	24
34234	2010	10	11	12	0	48
34234	2010	10	12	12	0	24
34234	2010	10	13	12	-1	24
34234	2010	10	14	12	-1	24
34234	2010	10	15	12	0	24
34234	2010	10	16	12	8	24
34234	2010	10	18	12	5	48
34234	2010	10	19	12	0	24
34234	2010	10	20	12	7	24
34234	2010	10	21	12	20	24
34234	2010	10	22	12	0	24
34234	2010	10	23	12	0	24
34234	2010	10	25	12	0	48
34234	2010	10	26	12	0	24
34234	2010	10	27	12	-1	24
34234	2010	10	28	12	2	24
34234	2010	10	29	12	0	24
34234	2010	10	30	12	-1	24
34234	2010	11	1	12	0	24
34234	2010	11	2	12	0	24
34234	2010	11	3	12	0	24
34234	2010	11	4	12	0	24
34234	2010	11	5	12	-1	24
34234	2010	11	6	12	144	24
34234	2010	11	8	12	108	48
34234	2010	11	9	12	196	24
34234	2010	11	10	12	138	24
34234	2010	11	11	12	70	24
34234	2010	11	12	12	20	24
34234	2010	11	13	12	-1	24
34234	2010	11	15	12	16	48
34234	2010	11	16	12	46	24
34234	2010	11	17	12	0	24
34234	2010	11	18	12	0	24
34234	2010	11	19	12	0	24
34234	2010	11	20	12	0	24
34234	2010	11	23	12	0	72
34234	2010	11	24	12	0	24
34234	2010	11	25	12	0	24
34234	2010	11	26	12	0	24
34234	2010	11	27	12	0	24
34234	2010	11	29	12	34	48
34234	2010	12	1	12	25	48
34234	2010	12	2	12	128	24
34234	2010	12	3	12	151	24
34234	2010	12	4	12	8	24
34234	2010	12	6	12	269	48
34234	2010	12	7	12	55	24
34234	2010	12	8	12	18	24
34234	2010	12	9	12	-1	24
34234	2010	12	10	12	34	24
34234	2010	12	11	12	89	24
34234	2010	12	13	12	105	48
34234	2010	12	14	12	125	24
34234	2010	12	15	12	9	24
34234	2010	12	16	12	-1	24
34234	2010	12	17	12	0	24
34234	2010	12	18	12	0	24
34234	2010	12	21	12	0	72
34234	2010	12	22	12	4	24
34234	2010	12	23	12	0	24
34234	2010	12	24	12	-1	24
34234	2010	12	27	12	18	72
34234	2010	12	28	12	75	24
34234	2010	12	29	12	28	24
34234	2010	12	30	12	0	24
34234	2011	1	3	12	112	48
34234	2011	1	4	12	0	24
34234	2011	1	5	12	0	24
34234	2011	1	6	12	0	24
34234	2011	1	7	12	0	24
34234	2011	1	8	12	0	24
34234	2011	1	10	12	0	48
34234	2011	1	11	12	0	24
34234	2011	1	12	12	0	24
34234	2011	1	13	12	-1	24
34234	2011	1	14	12	-1	24
34234	2011	1	15	12	6	24
34234	2011	1	17	12	155	48
34234	2011	1	18	12	0	24
34234	2011	1	19	12	0	24
34234	2011	1	20	12	28	24
34234	2011	1	22	12	50	48
34234	2011	1	24	12	32	48
34234	2011	1	25	12	11	24
34234	2011	1	26	12	27	24
34234	2011	1	27	12	25	24
34234	2011	1	28	12	17	24
34234	2011	1	29	12	-1	24
34234	2011	1	31	12	20	48
34234	2011	2	1	12	31	24
34234	2011	2	2	12	0	24
34234	2011	2	3	12	0	24
34234	2011	2	4	12	11	24
34234	2011	2	5	12	20	24
34234	2011	2	7	12	-1	48
34234	2011	2	8	12	6	24
34234	2011	2	9	12	34	24
34234	2011	2	10	12	15	24
34234	2011	2	11	12	5	24
34234	2011	2	12	12	33	24
34234	2011	2	14	12	107	48
34234	2011	2	15	12	10	24
34234	2011	2	16	12	26	24
34234	2011	2	17	12	5	24
34234	2011	2	18	12	0	24
34234	2011	2	19	12	0	24
34234	2011	2	21	12	0	48
34234	2011	2	22	12	0	24
34234	2011	2	23	12	6	24
34234	2011	2	24	12	7	24
34234	2011	2	25	12	3	24
34234	2011	2	26	12	0	24
34234	2011	2	28	12	32	48
34234	2011	3	1	12	-1	24
34234	2011	3	2	12	0	24
34234	2011	3	4	12	20	48
34234	2011	3	5	12	12	24
34234	2011	3	7	12	28	48
34234	2011	3	8	12	21	24
34234	2011	3	9	12	0	24
34234	2011	3	10	12	35	24
34234	2011	3	11	12	0	24
34234	2011	3	13	12	53	48
34234	2011	3	14	12	9	24
34234	2011	3	15	12	-1	24
34234	2011	3	16	12	5	24
34234	2011	3	17	12	-1	24
34234	2011	3	18	12	0	24
34234	2011	3	19	12	0	24
34234	2011	3	21	12	0	48
34234	2011	3	22	12	0	24
34234	2011	3	23	12	0	24
34234	2011	3	24	12	0	24
34234	2011	3	25	12	0	24
34234	2011	3	28	12	22	72
34234	2011	3	29	12	24	24
34234	2011	3	30	12	-1	24
34234	2011	3	31	12	0	24
34234	2011	4	1	12	-1	24
34234	2011	4	2	12	-1	24
34234	2011	4	3	12	0	24
34234	2011	4	4	12	-1	24
34234	2011	4	5	12	-1	24
34234	2011	4	6	12	0	24
34234	2011	4	7	12	0	24
34234	2011	4	8	12	-1	24
34234	2011	4	9	12	0	24
34234	2011	4	10	12	0	24
34234	2011	4	11	12	0	24
34234	2011	4	12	12	0	24
34234	2011	4	13	12	0	24
34234	2011	4	14	12	38	24
34234	2011	4	15	12	16	24
34234	2011	4	16	12	32	24
34234	2011	4	18	12	15	48
34234	2011	4	19	12	9	24
34234	2011	4	20	12	0	24
34234	2011	4	21	12	0	24
34234	2011	4	22	12	0	24
34234	2011	4	23	12	0	24
34234	2011	4	24	12	0	24
34234	2011	4	25	12	-1	24
34234	2011	4	26	12	0	24
34234	2011	4	27	12	-1	24
34234	2011	4	28	12	4	24
34234	2011	4	29	12	1	24
34234	2011	4	30	12	-1	24
34234	2011	5	2	12	17	48
34234	2011	5	3	12	0	24
34234	2011	5	4	12	-1	24
34234	2011	5	5	12	60	24
34234	2011	5	6	12	4	24
34234	2011	5	7	12	-1	24
34234	2011	5	8	12	0	24
34234	2011	5	9	12	0	24
34234	2011	5	10	12	4	24
34234	2011	5	11	12	48	24
34234	2011	5	12	12	-1	24
34234	2011	5	13	12	0	24
34234	2011	5	14	12	0	24
34234	2011	5	15	12	0	24
34234	2011	5	16	12	-1	24
34234	2011	5	17	12	4	24
34234	2011	5	18	12	41	24
34234	2011	5	19	12	0	24
34234	2011	5	20	12	0	24
34234	2011	5	21	12	-1	24
34234	2011	5	23	12	71	48
34234	2011	5	24	12	-1	24
34234	2011	5	25	12	0	24
34234	2011	5	26	12	0	24
34234	2011	5	27	12	0	24
34234	2011	5	28	12	-1	24
34234	2011	5	29	12	14	24
34234	2011	5	30	12	0	24
34234	2011	5	31	12	0	24
34234	2011	6	1	12	0	24
34234	2011	6	2	12	-1	24
34234	2011	6	3	12	0	24
34234	2011	6	4	12	0	24
34234	2011	6	6	12	5	48
34234	2011	6	7	12	26	24
34234	2011	6	8	12	30	24
34234	2011	6	9	12	34	24
34234	2011	6	10	12	3	24
34234	2011	6	11	12	14	24
34234	2011	6	12	12	-1	24
34234	2011	6	13	12	0	24
34234	2011	6	14	12	0	24
34234	2011	6	15	12	0	24
34234	2011	6	16	12	-1	24
34234	2011	6	17	12	0	24
34234	2011	6	18	12	2	24
34234	2011	6	20	12	-1	48
34234	2011	6	21	12	2	24
34234	2011	6	22	12	7	24
34234	2011	6	23	12	-1	24
34234	2011	6	24	12	-1	24
34234	2011	6	25	12	-1	24
34234	2011	6	26	12	16	24
34234	2011	6	27	12	0	24
34234	2011	6	28	12	0	24
34234	2011	6	29	12	0	24
34234	2011	6	30	12	0	24
34234	2011	7	1	12	0	24
34234	2011	7	2	12	0	24
34234	2011	7	3	12	0	24
34234	2011	7	4	12	0	24
34234	2011	7	5	12	-1	24
34234	2011	7	6	12	21	24
34234	2011	7	7	12	31	24
34234	2011	7	8	12	5	24
34234	2011	7	9	12	12	24
34234	2011	7	11	12	53	48
34234	2011	7	12	12	0	24
34234	2011	7	13	12	0	24
34234	2011	7	14	12	0	24
34234	2011	7	15	12	0	24
34234	2011	7	16	12	47	24
34234	2011	7	17	12	-1	24
34234	2011	7	18	12	65	24
34234	2011	7	19	12	10	24
34234	2011	7	20	12	10	24
34234	2011	7	21	12	-1	24
34234	2011	7	22	12	0	24
34234	2011	7	23	12	0	24
34234	2011	7	24	12	0	24
34234	2011	7	25	12	56	24
34234	2011	7	26	12	75	24
34234	2011	7	28	12	71	48
34234	2011	7	29	12	92	24
34234	2011	7	30	12	0	24
34234	2011	7	31	12	0	24
34234	2011	8	1	12	19	24
34234	2011	8	2	12	67	24
34234	2011	8	3	12	11	24
34234	2011	8	4	12	1	24
34234	2011	8	5	12	-1	24
34234	2011	8	6	12	23	24
34234	2011	8	7	12	4	24
34234	2011	8	8	12	-1	24
34234	2011	8	9	12	0	24
34234	2011	8	10	12	0	24
34234	2011	8	12	12	9	48
34234	2011	8	13	12	0	24
34234	2011	8	14	12	0	24
34234	2011	8	15	12	-1	24
34234	2011	8	16	12	-1	24
34234	2011	8	17	12	0	24
34234	2011	8	18	12	0	24
34234	2011	8	19	12	0	24
34234	2011	8	20	12	0	24
34234	2011	8	21	12	0	24
34234	2011	8	22	12	0	24
34234	2011	8	23	12	0	24
34234	2011	8	24	12	44	24
34234	2011	8	25	12	53	24
34234	2011	8	26	12	43	24
34234	2011	8	27	12	194	24
34234	2011	8	29	12	57	48
34234	2011	8	30	12	70	24
34234	2011	8	31	12	0	24
34234	2011	9	1	12	6	24
34234	2011	9	2	12	90	24
34234	2011	9	5	12	48	72
34234	2011	9	6	12	-1	24
34234	2011	9	8	12	-1	48
34234	2011	9	9	12	50	24
34234	2011	9	10	12	-1	24
34234	2011	9	12	12	15	48
34234	2011	9	13	12	1	24
34234	2011	9	14	12	-1	24
34234	2011	9	15	12	-1	24
34234	2011	9	16	12	-1	24
34234	2011	9	19	12	9	72
34234	2011	9	20	12	0	24
34234	2011	9	21	12	0	24
34234	2011	9	22	12	0	24
34234	2011	9	23	12	0	24
34234	2011	9	24	12	0	24
34234	2011	9	26	12	6	48
34234	2011	9	27	12	0	24
34234	2011	9	28	12	0	24
34234	2011	9	29	12	0	24
34234	2011	9	30	12	0	24
34234	2011	10	1	12	12	24
34234	2011	10	3	12	110	48
34234	2011	10	4	12	0	24
34234	2011	10	5	12	-1	24
34234	2011	10	6	12	-1	24
34234	2011	10	7	12	0	24
34234	2011	10	8	12	-1	24
34234	2011	10	10	12	36	48
34234	2011	10	11	12	-1	24
34234	2011	10	12	12	4	24
34234	2011	10	13	12	46	24
34234	2011	10	14	12	48	24
34234	2011	10	15	12	116	24
34234	2011	10	16	12	0	24
34234	2011	10	17	12	0	24
34234	2011	10	18	12	0	24
34234	2011	10	19	12	0	24
34234	2011	10	20	12	0	24
34234	2011	10	21	12	79	24
34234	2011	10	22	12	96	24
34234	2011	10	24	12	92	48
34234	2011	10	25	12	58	24
34234	2011	10	26	12	-1	24
34234	2011	10	27	12	0	24
34234	2011	10	28	12	0	24
34234	2011	10	29	12	0	24
34234	2011	10	30	12	0	24
34234	2011	10	31	12	0	24
34234	2011	11	1	12	-1	24
34234	2011	11	2	12	28	24
34234	2011	11	3	12	0	24
34234	2011	11	4	12	6	24
34234	2011	11	5	12	-1	24
34234	2011	11	7	12	40	48
34234	2011	11	8	12	33	24
34234	2011	11	9	12	21	24
34234	2011	11	10	12	1	24
34234	2011	11	11	12	30	24
34234	2011	11	12	12	-1	24
34234	2011	11	14	12	288	48
34234	2011	11	15	12	3	24
34234	2011	11	16	12	0	24
34234	2011	11	17	12	0	24
34234	2011	11	18	12	0	24
34234	2011	11	21	12	35	72
34234	2011	11	22	12	-1	24
34234	2011	11	23	12	3	24
34234	2011	11	24	12	20	24
34234	2011	11	25	12	-1	24
34234	2011	11	26	12	2	24
34234	2011	11	27	12	125	24
34234	2011	11	29	12	13	48
34234	2011	11	30	12	0	24
34234	2011	12	1	12	5	48
34234	2011	12	2	12	19	24
34234	2011	12	3	12	0	24
34234	2011	12	4	12	0	24
34234	2011	12	5	12	0	24
34234	2011	12	6	12	2	24
34234	2011	12	7	12	18	24
34234	2011	12	8	12	-1	24
34234	2011	12	9	12	0	24
34234	2011	12	10	12	-1	24
34234	2011	12	12	12	11	48
34234	2011	12	13	12	-1	24
34234	2011	12	14	12	97	24
34234	2011	12	15	12	-1	24
34234	2011	12	16	12	35	24
34234	2011	12	17	12	-1	24
34234	2011	12	19	12	82	48
34234	2011	12	20	12	137	24
34234	2011	12	21	12	0	24
34234	2011	12	22	12	5	24
34234	2011	12	23	12	-1	24
34234	2011	12	27	12	128	96
34234	2011	12	28	12	75	24
34234	2011	12	29	12	16	24
34234	2011	12	30	12	12	24
34234	2011	12	31	12	10	24
34234	2012	1	1	12	8	24
34234	2012	1	2	12	0	24
34234	2012	1	3	12	0	24
34234	2012	1	4	12	0	24
34234	2012	1	5	12	-1	24
34234	2012	1	6	12	0	24
34234	2012	1	7	12	4	24
34234	2012	1	9	12	22	48
34234	2012	1	10	12	64	24
34234	2012	1	11	12	-1	24
34234	2012	1	12	12	-1	24
34234	2012	1	13	12	-1	24
34234	2012	1	14	12	-1	24
34234	2012	1	16	12	5	48
34234	2012	1	17	12	7	24
34234	2012	1	18	12	30	24
34234	2012	1	19	12	6	24
34234	2012	1	20	12	5	24
34234	2012	1	21	12	24	24
34234	2012	1	23	12	17	48
34234	2012	1	24	12	-1	24
34234	2012	1	25	12	-1	24
34234	2012	1	26	12	-1	24
34234	2012	1	27	12	0	24
34234	2012	1	28	12	0	24
34234	2012	1	29	12	0	24
34234	2012	1	30	12	0	24
34234	2012	1	31	12	0	24
34234	2012	2	1	12	0	24
34234	2012	2	2	12	-1	24
34234	2012	2	3	12	-1	24
34234	2012	2	4	12	-1	24
34234	2012	2	6	12	2	48
34234	2012	2	7	12	7	24
34234	2012	2	8	12	-1	24
34234	2012	2	9	12	0	24
34234	2012	2	10	12	0	24
34234	2012	2	11	12	0	24
34234	2012	2	13	12	133	48
34234	2012	2	14	12	166	24
34234	2012	2	15	12	-1	24
34234	2012	2	16	12	17	24
34234	2012	2	17	12	-1	24
34234	2012	2	18	12	39	24
34234	2012	2	19	12	0	24
34234	2012	2	20	12	18	24
34234	2012	2	21	12	0	24
34234	2012	2	22	12	0	24
34234	2012	2	23	12	20	24
34234	2012	2	24	12	22	24
34234	2012	2	25	12	0	24
34234	2012	2	26	12	0	24
34234	2012	2	27	12	0	24
34234	2012	2	28	12	0	24
34234	2012	2	29	12	0	24
34234	2012	3	1	12	0	24
34234	2012	3	2	12	0	24
34234	2012	3	3	12	0	24
34234	2012	3	5	12	3	48
34234	2012	3	6	12	-1	24
34234	2012	3	7	12	0	24
34234	2012	3	8	12	0	24
34234	2012	3	9	12	0	24
34234	2012	3	12	12	60	72
34234	2012	3	13	12	3	24
34234	2012	3	14	12	15	24
34234	2012	3	15	12	0	24
34234	2012	3	16	12	0	24
34234	2012	3	17	12	44	24
34234	2012	3	19	12	29	48
34234	2012	3	20	12	0	24
34234	2012	3	21	12	0	24
34234	2012	3	22	12	-1	24
34234	2012	3	23	12	0	24
34234	2012	3	24	12	0	24
34234	2012	3	25	12	0	24
34234	2012	3	26	12	-1	24
34234	2012	3	27	12	17	24
34234	2012	3	28	12	6	24
34234	2012	3	29	12	0	24
34234	2012	3	30	12	0	24
34234	2012	3	31	12	17	24
34234	2012	4	1	12	0	24
34234	2012	4	2	12	9	24
34234	2012	4	3	12	-1	24
34234	2012	4	4	12	28	24
34234	2012	4	5	12	58	24
34234	2012	4	7	12	168	48
34234	2012	4	9	12	7	48
34234	2012	4	10	12	-1	24
34234	2012	4	12	12	-1	48
34234	2012	4	13	12	14	24
34234	2012	4	14	12	-1	24
34234	2012	4	16	12	-1	48
34234	2012	4	17	12	-1	24
34234	2012	4	18	12	-1	24
34234	2012	4	19	12	13	24
34234	2012	4	20	12	7	24
34234	2012	4	21	12	-1	24
34234	2012	4	23	12	-1	48
34234	2012	4	24	12	2	24
34234	2012	4	25	12	5	24
34234	2012	4	26	12	2	24
34234	2012	4	27	12	58	24
34234	2012	4	28	12	81	24
34234	2012	4	29	12	0	24
34234	2012	4	30	12	51	24
34234	2012	5	1	12	20	24
34234	2012	5	2	12	0	24
34234	2012	5	3	12	2	24
34234	2012	5	4	12	0	24
34234	2012	5	5	12	32	24
34234	2012	5	7	12	81	48
34234	2012	5	8	12	0	24
34234	2012	5	9	12	32	24
34234	2012	5	10	12	-1	24
34234	2012	5	11	12	-1	24
34234	2012	5	12	12	18	24
34234	2012	5	14	12	-1	48
34234	2012	5	15	12	0	24
34234	2012	5	16	12	70	24
34234	2012	5	17	12	15	24
34234	2012	5	18	12	-1	24
34234	2012	5	19	12	0	24
34234	2012	5	20	12	0	24
34234	2012	5	21	12	0	24
34234	2012	5	22	12	0	24
34234	2012	5	23	12	66	24
34234	2012	5	24	12	38	24
34234	2012	5	25	12	20	24
34234	2012	5	26	12	1	24
34234	2012	5	28	12	64	48
34234	2012	5	29	12	0	24
34234	2012	5	30	12	0	24
34234	2012	5	31	12	0	24
34234	2012	6	1	12	-1	24
34234	2012	6	2	12	0	24
34234	2012	6	3	12	0	24
34234	2012	6	4	12	0	24
34234	2012	6	5	12	0	24
34234	2012	6	6	12	-1	24
34234	2012	6	7	12	0	24
34234	2012	6	8	12	0	24
34234	2012	6	9	12	0	24
34234	2012	6	10	12	0	24
34234	2012	6	11	12	0	24
34234	2012	6	12	12	0	24
34234	2012	6	13	12	0	24
34234	2012	6	14	12	62	24
34234	2012	6	15	12	91	24
34234	2012	6	16	12	21	24
34234	2012	6	17	12	0	24
34234	2012	6	18	12	0	24
34234	2012	6	19	12	0	24
34234	2012	6	20	12	-1	24
34234	2012	6	21	12	36	24
34234	2012	6	22	12	77	24
34234	2012	6	23	12	-1	24
34234	2012	6	24	12	0	24
34234	2012	6	25	12	0	24
34234	2012	6	26	12	0	24
34234	2012	6	27	12	0	24
34234	2012	6	28	12	9	24
34234	2012	6	29	12	0	24
34234	2012	6	30	12	0	24
34234	2012	7	1	12	-1	24
34234	2012	7	2	12	-1	24
34234	2012	7	3	12	-1	24
34234	2012	7	4	12	-1	24
34234	2012	7	5	12	75	24
34234	2012	7	6	12	271	24
34234	2012	7	7	12	46	24
34234	2012	7	9	12	79	48
34234	2012	7	10	12	3	24
34234	2012	7	11	12	0	24
34234	2012	7	12	12	0	24
34234	2012	7	13	12	0	24
34234	2012	7	14	12	0	24
34234	2012	7	15	12	0	24
34234	2012	7	16	12	0	24
34234	2012	7	17	12	0	24
34234	2012	7	18	12	0	24
34234	2012	7	19	12	0	24
34234	2012	7	20	12	0	24
34234	2012	7	21	12	0	24
34234	2012	7	22	12	0	24
34234	2012	7	23	12	0	24
34234	2012	7	24	12	0	24
34234	2012	7	25	12	0	24
34234	2012	7	26	12	0	24
34234	2012	7	27	12	49	24
34234	2012	7	28	12	114	24
34234	2012	7	29	12	-1	24
34234	2012	7	30	12	-1	24
34234	2012	7	31	12	72	24
34234	2012	8	1	12	0	24
34234	2012	8	2	12	28	24
34234	2012	8	3	12	237	24
34234	2012	8	4	12	81	24
34234	2012	8	5	12	89	24
34234	2012	8	6	12	37	24
34234	2012	8	7	12	33	24
34234	2012	8	8	12	11	24
34234	2012	8	9	12	12	24
34234	2012	8	10	12	176	24
34234	2012	8	11	12	25	24
34234	2012	8	12	12	24	24
34234	2012	8	13	12	0	24
34234	2012	8	14	12	152	24
34234	2012	8	15	12	32	24
34234	2012	8	16	12	0	24
34234	2012	8	17	12	0	24
34234	2012	8	18	12	0	24
34234	2012	8	19	12	-1	24
34234	2012	8	20	12	-1	24
34234	2012	8	21	12	0	24
34234	2012	8	22	12	-1	24
34234	2012	8	23	12	3	24
34234	2012	8	24	12	0	24
34234	2012	8	25	12	0	24
34234	2012	8	27	12	107	48
34234	2012	8	28	12	0	24
34234	2012	8	29	12	0	24
34234	2012	8	30	12	0	24
34234	2012	8	31	12	0	24
34234	2012	9	1	12	0	24
34234	2012	9	2	12	-1	24
34234	2012	9	3	12	0	24
34234	2012	9	4	12	-1	24
34234	2012	9	5	12	0	24
34234	2012	9	6	12	33	24
34234	2012	9	7	12	0	24
34234	2012	9	8	12	0	24
34234	2012	9	9	12	0	24
34234	2012	9	10	12	0	24
34234	2012	9	11	12	86	24
34234	2012	9	12	12	124	24
34234	2012	9	13	12	154	24
34234	2012	9	14	12	65	24
34234	2012	9	15	12	61	24
34234	2012	9	16	12	0	24
34234	2012	9	17	12	9	24
34234	2012	9	18	12	0	24
34234	2012	9	19	12	120	24
34234	2012	9	20	12	169	24
34234	2012	9	21	12	69	24
34234	2012	9	22	12	26	24
34234	2012	9	23	12	0	24
34234	2012	9	24	12	14	24
34234	2012	9	25	12	78	24
34234	2012	9	26	12	2	24
34234	2012	9	27	12	-1	24
34234	2012	9	28	12	9	24
34234	2012	9	29	12	0	24
34234	2012	10	1	12	59	48
34234	2012	10	2	12	0	24
34234	2012	10	3	12	25	24
34234	2012	10	4	12	17	24
34234	2012	10	5	12	67	24
34234	2012	10	6	12	33	24
34234	2012	10	7	12	0	24
34234	2012	10	8	12	0	24
34234	2012	10	9	12	2	24
34234	2012	10	10	12	0	24
34234	2012	10	11	12	-1	24
34234	2012	10	12	12	0	24
34234	2012	10	13	12	0	24
34234	2012	10	14	12	0	24
34234	2012	10	15	12	0	24
34234	2012	10	16	12	0	24
34234	2012	10	17	12	75	24
34234	2012	10	18	12	3	24
34234	2012	10	19	12	0	24
34234	2012	10	20	12	5	24
34234	2012	10	21	12	0	24
34234	2012	10	22	12	0	24
34234	2012	10	23	12	-1	24
34234	2012	10	24	12	12	24
34234	2012	10	25	12	1	24
34234	2012	10	26	12	65	24
34234	2012	10	27	12	21	24
34234	2012	10	28	12	1	24
34234	2012	10	29	12	40	24
34234	2012	10	30	12	1	24
34234	2012	10	31	12	1	24
34234	2012	11	1	12	0	24
34234	2012	11	2	12	0	24
34234	2012	11	3	12	-1	24
34234	2012	11	4	12	370	24
34234	2012	11	5	12	18	24
34234	2012	11	6	12	0	24
34234	2012	11	7	12	15	24
34234	2012	11	8	12	77	24
34234	2012	11	9	12	2	24
34234	2012	11	10	12	-1	24
34234	2012	11	11	12	0	24
34234	2012	11	12	12	-1	24
34234	2012	11	13	12	-1	24
34234	2012	11	14	12	18	24
34234	2012	11	15	12	16	24
34234	2012	11	16	12	23	24
34234	2012	11	17	12	0	24
34234	2012	11	18	12	0	24
34234	2012	11	19	12	0	24
34234	2012	11	20	12	0	24
34234	2012	11	21	12	101	24
34234	2012	11	22	12	-1	24
34234	2012	11	23	12	1	24
34234	2012	11	24	12	0	24
34234	2012	11	25	12	0	24
34234	2012	11	26	12	1	24
34234	2012	11	27	12	12	24
34234	2012	11	28	12	2	24
34234	2012	11	29	12	74	24
34234	2012	11	30	12	5	24
34234	2012	12	1	12	1	24
34234	2012	12	2	12	1	24
34234	2012	12	3	12	28	24
34234	2012	12	4	12	0	24
34234	2012	12	5	12	35	24
34234	2012	12	6	12	16	24
34234	2012	12	7	12	134	24
34234	2012	12	8	12	-1	24
34234	2012	12	10	12	39	48
34234	2012	12	11	12	5	24
34234	2012	12	12	12	14	24
34234	2012	12	13	12	24	24
34234	2012	12	14	12	0	24
34234	2012	12	15	12	-1	24
34234	2012	12	17	12	88	48
34234	2012	12	18	12	3	24
34234	2012	12	19	12	1	24
34234	2012	12	20	12	0	24
34234	2012	12	21	12	0	24
34234	2012	12	22	12	0	24
34234	2012	12	23	12	0	24
34234	2012	12	24	12	0	24
34234	2012	12	27	12	86	72
34234	2012	12	28	12	16	24
34234	2012	12	29	12	0	24
34234	2012	12	30	12	-1	24
34234	2012	12	31	12	0	24
34234	2013	1	1	12	0	24
34234	2013	1	2	12	0	24
34234	2013	1	3	12	0	24
34234	2013	1	4	12	35	24
34234	2013	1	5	12	0	24
34234	2013	1	6	12	0	24
34234	2013	1	7	12	18	24
34234	2013	1	8	12	11	24
34234	2013	1	9	12	24	24
34234	2013	1	10	12	38	24
34234	2013	1	11	12	16	24
34234	2013	1	12	12	2	24
34234	2013	1	13	12	0	24
34234	2013	1	14	12	0	24
34234	2013	1	15	12	0	24
34234	2013	1	16	12	13	24
34234	2013	1	17	12	6	24
34234	2013	1	18	12	0	24
34234	2013	1	19	12	26	24
34234	2013	1	20	12	0	24
34234	2013	1	21	12	0	24
34234	2013	1	22	12	0	24
34234	2013	1	23	12	0	24
34234	2013	1	24	12	0	24
34234	2013	1	25	12	0	24
34234	2013	1	26	12	0	24
34234	2013	1	27	12	0	24
34234	2013	1	28	12	0	24
34234	2013	1	29	12	1	24
34234	2013	1	30	12	0	24
34234	2013	1	31	12	0	24
34234	2013	2	1	12	147	24
34234	2013	2	2	12	22	24
34234	2013	2	3	12	3	24
34234	2013	2	4	12	22	24
34234	2013	2	5	12	98	24
34234	2013	2	6	12	5	24
34234	2013	2	7	12	0	24
34234	2013	2	8	12	0	24
34234	2013	2	9	12	21	24
34234	2013	2	10	12	100	24
34234	2013	2	11	12	0	24
34234	2013	2	12	12	0	24
34234	2013	2	13	12	0	24
34234	2013	2	14	12	0	24
34234	2013	2	15	12	7	24
34234	2013	2	16	12	2	24
34234	2013	2	17	12	4	24
34234	2013	2	18	12	0	24
34234	2013	2	19	12	0	24
34234	2013	2	20	12	0	24
34234	2013	2	21	12	0	24
34234	2013	2	22	12	0	24
34234	2013	2	23	12	0	24
34234	2013	2	24	12	0	24
34234	2013	2	25	12	0	24
34234	2013	2	26	12	0	24
34234	2013	2	27	12	7	24
34234	2013	2	28	12	40	24
34234	2013	3	1	12	7	24
34234	2013	3	2	12	0	24
34234	2013	3	3	12	0	24
34234	2013	3	4	12	0	24
34234	2013	3	5	12	0	24
34234	2013	3	6	12	20	24
34234	2013	3	7	12	0	24
34234	2013	3	8	12	0	24
34234	2013	3	9	12	0	24
34234	2013	3	10	12	0	24
34234	2013	3	11	12	0	24
34234	2013	3	12	12	0	24
34234	2013	3	13	12	0	24
34234	2013	3	14	12	6	24
34234	2013	3	15	12	10	24
34234	2013	3	16	12	0	24
34234	2013	3	17	12	0	24
34234	2013	3	18	12	0	24
34234	2013	3	19	12	0	24
34234	2013	3	20	12	0	24
34234	2013	3	21	12	0	24
34234	2013	3	22	12	0	24
34234	2013	3	23	12	0	24
34234	2013	3	24	12	0	24
34234	2013	3	25	12	2	24
34234	2013	3	26	12	0	24
34234	2013	3	27	12	0	24
34234	2013	3	28	12	0	24
34234	2013	3	29	12	0	24
34234	2013	3	30	12	0	24
34234	2013	3	31	12	0	24
34234	2013	4	1	12	0	24
34234	2013	4	2	12	0	24
34234	2013	4	3	12	0	24
34234	2013	4	4	12	0	24
34234	2013	4	5	12	0	24
34234	2013	4	6	12	0	24
34234	2013	4	7	12	0	24
34234	2013	4	8	12	0	24
34234	2013	4	9	12	0	24
34234	2013	4	10	12	0	24
34234	2013	4	11	12	0	24
34234	2013	4	12	12	0	24
34234	2013	4	13	12	0	24
34234	2013	4	14	12	0	24
34234	2013	4	15	12	0	24
34234	2013	4	16	12	0	24
34234	2013	4	17	12	8	24
34234	2013	4	18	12	7	24
34234	2013	4	19	12	2	24
34234	2013	4	20	12	0	24
34234	2013	4	21	12	9	24
34234	2013	4	22	12	0	24
34234	2013	4	23	12	0	24
34234	2013	4	24	12	1	24
34234	2013	4	25	12	33	24
34234	2013	4	26	12	2	24
34234	2013	4	27	12	0	24
34234	2013	4	28	12	0	24
34234	2013	4	29	12	0	24
34234	2013	4	30	12	0	24
34234	2013	5	1	12	63	24
34234	2013	5	2	12	4	24
34234	2013	5	3	12	8	24
34234	2013	5	4	12	0	24
34234	2013	5	5	12	71	24
34234	2013	5	6	12	37	24
34234	2013	5	7	12	3	24
34234	2013	5	8	12	0	24
34234	2013	5	9	12	43	24
34234	2013	5	10	12	0	24
34234	2013	5	11	12	0	24
34234	2013	5	12	12	0	24
34234	2013	5	13	12	0	24
34234	2013	5	14	12	19	24
34234	2013	5	15	12	0	24
34234	2013	5	16	12	0	24
34234	2013	5	17	12	0	24
34234	2013	5	18	12	0	24
34234	2013	5	19	12	0	24
34234	2013	5	20	12	0	24
34234	2013	5	21	12	0	24
34234	2013	5	22	12	0	24
34234	2013	5	23	12	0	24
34234	2013	5	24	12	0	24
34234	2013	5	25	12	0	24
34234	2013	5	26	12	0	24
34234	2013	5	27	12	0	24
34234	2013	5	28	12	0	24
34234	2013	5	29	12	6	24
34234	2013	5	30	12	0	24
34234	2013	5	31	12	0	24
34234	2013	6	1	12	1	24
34234	2013	6	2	12	4	24
34234	2013	6	3	12	0	24
34234	2013	6	4	12	0	24
34234	2013	6	5	12	0	24
34234	2013	6	6	12	0	24
34234	2013	6	7	12	0	24
34234	2013	6	8	12	0	24
34234	2013	6	9	12	0	24
34234	2013	6	10	12	0	24
34234	2013	6	11	12	0	24
34234	2013	6	12	12	0	24
34234	2013	6	13	12	0	24
34234	2013	6	14	12	0	24
34234	2013	6	15	12	0	24
34234	2013	6	16	12	0	24
34234	2013	6	17	12	0	24
34234	2013	6	18	12	0	24
34234	2013	6	19	12	0	24
34234	2013	6	20	12	0	24
34234	2013	6	21	12	22	24
34234	2013	6	22	12	12	24
34234	2013	6	23	12	0	24
34234	2013	6	24	12	0	24
34234	2013	6	25	12	0	24
34234	2013	6	26	12	0	24
34234	2013	6	27	12	12	24
34234	2013	6	28	12	0	24
34234	2013	6	29	12	0	24
34234	2013	6	30	12	0	24
34234	2013	7	1	12	0	24
34234	2013	7	2	12	0	24
34234	2013	7	3	12	2	24
34234	2013	7	4	12	0	24
34234	2013	7	5	12	0	24
34234	2013	7	6	12	0	24
34234	2013	7	7	12	0	24
34234	2013	7	8	12	0	24
34234	2013	7	9	12	0	24
34234	2013	7	10	12	0	24
34234	2013	7	11	12	0	24
34234	2013	7	12	12	12	24
34234	2013	7	13	12	0	24
34234	2013	7	14	12	0	24
34234	2013	7	15	12	0	24
34234	2013	7	16	12	0	24
34234	2013	7	17	12	0	24
34234	2013	7	18	12	0	24
34234	2013	7	19	12	0	24
34234	2013	7	20	12	0	24
34234	2013	7	21	12	0	24
34234	2013	7	22	12	0	24
34234	2013	7	23	12	0	24
34234	2013	7	24	12	58	24
34234	2013	7	25	12	68	24
34234	2013	7	26	12	103	24
34234	2013	7	27	12	60	24
34234	2013	7	28	12	0	24
34234	2013	7	29	12	0	24
34234	2013	7	30	12	8	24
34234	2013	7	31	12	4	24
34234	2013	8	1	12	20	24
34234	2013	8	2	12	0	24
34234	2013	8	3	12	0	24
34234	2013	8	4	12	0	24
34234	2013	8	5	12	0	24
34234	2013	8	6	12	0	24
34234	2013	8	7	12	0	24
34234	2013	8	8	12	0	24
34234	2013	8	9	12	0	24
34234	2013	8	10	12	0	24
34234	2013	8	11	12	0	24
34234	2013	8	12	12	0	24
34234	2013	8	13	12	0	24
34234	2013	8	14	12	0	24
34234	2013	8	15	12	14	24
34234	2013	8	16	12	217	24
34234	2013	8	17	12	9	24
34234	2013	8	18	12	0	24
34234	2013	8	19	12	0	24
34234	2013	8	20	12	0	24
34234	2013	8	21	12	0	24
34234	2013	8	22	12	0	24
34234	2013	8	23	12	0	24
34234	2013	8	24	12	17	24
34234	2013	8	25	12	40	24
34234	2013	8	26	12	15	24
34234	2013	8	27	12	120	24
34234	2013	8	28	12	4	24
34234	2013	8	29	12	80	24
34234	2013	8	30	12	89	24
34234	2013	8	31	12	46	24
34234	2013	9	1	12	60	24
34234	2013	9	2	12	23	24
34234	2013	9	3	12	15	24
34234	2013	9	4	12	38	24
34234	2013	9	5	12	25	24
34234	2013	9	6	12	38	24
34234	2013	9	7	12	15	24
34234	2013	9	8	12	33	24
34234	2013	9	9	12	18	24
34234	2013	9	10	12	127	24
34234	2013	9	11	12	51	24
34234	2013	9	12	12	40	24
34234	2013	9	13	12	33	24
34234	2013	9	14	12	15	24
34234	2013	9	15	12	0	24
34234	2013	9	16	12	0	24
34234	2013	9	17	12	19	24
34234	2013	9	18	12	0	24
34234	2013	9	19	12	0	24
34234	2013	9	20	12	2	24
34234	2013	9	21	12	0	24
34234	2013	9	22	12	0	24
34234	2013	9	23	12	95	24
34234	2013	9	24	12	74	24
34234	2013	9	25	12	61	24
34234	2013	9	26	12	0	24
34234	2013	9	27	12	0	24
34234	2013	9	28	12	0	24
34234	2013	9	29	12	39	24
34234	2013	9	30	12	179	24
34234	2013	10	1	12	145	24
34234	2013	10	2	12	0	24
34234	2013	10	3	12	0	24
34234	2013	10	4	12	0	24
34234	2013	10	5	12	2	24
34234	2013	10	6	12	0	24
34234	2013	10	7	12	0	24
34234	2013	10	8	12	54	24
34234	2013	10	9	12	160	24
34234	2013	10	10	12	6	24
34234	2013	10	11	12	0	24
34234	2013	10	12	12	0	24
34234	2013	10	13	12	0	24
34234	2013	10	14	12	0	24
34234	2013	10	15	12	2	24
34234	2013	10	16	12	0	24
34234	2013	10	17	12	19	24
34234	2013	10	18	12	0	24
34234	2013	10	19	12	0	24
34234	2013	10	20	12	0	24
34234	2013	10	21	12	0	24
34234	2013	10	22	12	0	24
34234	2013	10	23	12	0	24
34234	2013	10	24	12	0	24
34234	2013	10	25	12	6	24
34234	2013	10	26	12	90	24
34234	2013	10	27	12	43	24
34234	2013	10	28	12	7	24
34234	2013	10	29	12	0	24
34234	2013	10	30	12	0	24
34234	2013	10	31	12	17	24
34234	2013	11	1	12	0	24
34234	2013	11	2	12	0	24
34234	2013	11	3	12	0	24
34234	2013	11	4	12	10	24
34234	2013	11	5	12	52	24
34234	2013	11	6	12	61	24
34234	2013	11	7	12	0	24
34234	2013	11	8	12	0	24
34234	2013	11	9	12	0	24
34234	2013	11	10	12	0	24
34234	2013	11	11	12	119	24
34234	2013	11	12	12	85	24
34234	2013	11	13	12	16	24
34234	2013	11	14	12	0	24
34234	2013	11	15	12	80	24
34234	2013	11	16	12	57	24
34234	2013	11	17	12	80	24
34234	2013	11	18	12	32	24
34234	2013	11	19	12	301	24
34234	2013	11	20	12	27	24
34234	2013	11	21	12	57	24
34234	2013	11	22	12	51	24
34234	2013	11	23	12	0	24
34234	2013	11	24	12	0	24
34234	2013	11	25	12	5	24
34234	2013	11	26	12	35	24
34234	2013	11	27	12	68	24
34234	2013	11	28	12	78	24
34234	2013	11	29	12	162	24
34234	2013	11	30	12	50	24
34234	2013	12	1	12	31	24
34234	2013	12	2	12	12	24
34234	2013	12	3	12	0	24
34234	2013	12	4	12	0	24
34234	2013	12	5	12	0	24
34234	2013	12	6	12	0	24
34234	2013	12	7	12	7	24
34234	2013	12	8	12	35	24
34234	2013	12	9	12	8	24
34234	2013	12	10	12	11	24
34234	2013	12	11	12	0	24
34234	2013	12	12	12	157	24
34234	2013	12	13	12	4	24
34234	2013	12	14	12	20	24
34234	2013	12	15	12	22	24
34234	2013	12	16	12	18	24
34234	2013	12	17	12	30	24
34234	2013	12	18	12	143	24
34234	2013	12	19	12	22	24
34234	2013	12	20	12	18	24
34234	2013	12	21	12	0	24
34234	2013	12	22	12	10	24
34234	2013	12	23	12	16	24
34234	2013	12	24	12	95	24
34234	2013	12	25	12	60	24
34234	2013	12	26	12	80	24
34234	2013	12	27	12	8	24
34234	2013	12	28	12	0	24
34234	2013	12	29	12	0	24
34234	2013	12	30	12	0	24
34234	2013	12	31	12	0	24
