stat_no	year	month	day	hour	precip	periode
34310	2008	2	1	12	0	24
34310	2008	2	2	12	0	24
34310	2008	2	3	12	0	24
34310	2008	2	4	12	0	24
34310	2008	2	5	12	0	24
34310	2008	2	6	12	0	24
34310	2008	2	7	12	20	24
34310	2008	2	8	12	5	24
34310	2008	2	9	12	4	24
34310	2008	2	10	12	0	24
34310	2008	2	11	12	0	24
34310	2008	2	12	12	0	24
34310	2008	2	13	12	0	24
34310	2008	2	14	12	0	24
34310	2008	2	15	12	0	24
34310	2008	2	16	12	0	24
34310	2008	2	17	12	8	24
34310	2008	2	18	12	0	24
34310	2008	2	19	12	0	24
34310	2008	2	20	12	0	24
34310	2008	2	21	12	55	24
34310	2008	2	22	12	19	24
34310	2008	2	23	12	3	24
34310	2008	2	24	12	5	24
34310	2008	2	25	12	3	24
34310	2008	2	26	12	4	24
34310	2008	2	27	12	0	24
34310	2008	2	28	12	0	24
34310	2008	2	29	12	0	24
34310	2008	3	1	12	0	24
34310	2008	3	2	12	0	24
34310	2008	3	3	12	15	24
34310	2008	3	4	12	8	24
34310	2008	3	5	12	0	24
34310	2008	3	6	12	0	24
34310	2008	3	7	12	0	24
34310	2008	3	8	12	0	24
34310	2008	3	9	12	0	24
34310	2008	3	10	12	0	24
34310	2008	3	11	12	-1	24
34310	2008	3	12	12	0	24
34310	2008	3	13	12	-1	24
34310	2008	3	14	12	-1	24
34310	2008	3	15	12	0	24
34310	2008	3	16	12	-1	24
34310	2008	3	17	12	0	24
34310	2008	3	18	12	0	24
34310	2008	3	19	12	0	24
34310	2008	3	20	12	0	24
34310	2008	3	21	12	0	24
34310	2008	3	22	12	-1	24
34310	2008	3	23	12	0	24
34310	2008	3	24	12	17	24
34310	2008	3	25	12	16	24
34310	2008	3	26	12	18	24
34310	2008	3	27	12	10	24
34310	2008	3	28	12	2	24
34310	2008	3	29	12	3	24
34310	2008	3	30	12	0	24
34310	2008	3	31	12	2	24
34310	2008	4	1	12	-1	24
34310	2008	4	2	12	3	24
34310	2008	4	3	12	5	24
34310	2008	4	4	12	0	24
34310	2008	4	5	12	0	24
34310	2008	4	6	12	0	24
34310	2008	4	7	12	-1	24
34310	2008	4	8	12	0	24
34310	2008	4	9	12	0	24
34310	2008	4	10	12	0	24
34310	2008	4	11	12	-1	24
34310	2008	4	12	12	0	24
34310	2008	4	13	12	0	24
34310	2008	4	14	12	0	24
34310	2008	4	15	12	0	24
34310	2008	4	16	12	0	24
34310	2008	4	17	12	0	24
34310	2008	4	18	12	0	24
34310	2008	4	19	12	0	24
34310	2008	4	20	12	0	24
34310	2008	4	21	12	0	24
34310	2008	4	22	12	0	24
34310	2008	4	23	12	6	24
34310	2008	4	24	12	13	24
34310	2008	4	25	12	8	24
34310	2008	4	26	12	5	24
34310	2008	4	27	12	-1	24
34310	2008	4	28	12	0	24
34310	2008	4	29	12	0	24
34310	2008	4	30	12	19	24
34310	2008	5	1	12	-1	24
34310	2008	5	2	12	0	24
34310	2008	5	3	12	0	24
34310	2008	5	4	12	-1	24
34310	2008	5	5	12	9	24
34310	2008	5	6	12	21	24
34310	2008	5	7	12	11	24
34310	2008	5	8	12	22	24
34310	2008	5	9	12	15	24
34310	2008	5	10	12	12	24
34310	2008	5	11	12	-1	24
34310	2008	5	12	12	0	24
34310	2008	5	13	12	0	24
34310	2008	5	14	12	0	24
34310	2008	5	15	12	0	24
34310	2008	5	16	12	4	24
34310	2008	5	17	12	24	24
34310	2008	5	18	12	7	24
34310	2008	5	19	12	0	24
34310	2008	5	20	12	0	24
34310	2008	5	21	12	0	24
34310	2008	5	22	12	0	24
34310	2008	5	23	12	0	24
34310	2008	5	24	12	0	24
34310	2008	5	25	12	0	24
34310	2008	5	26	12	0	24
34310	2008	5	27	12	0	24
34310	2008	5	28	12	0	24
34310	2008	5	29	12	0	24
34310	2008	5	30	12	0	24
34310	2008	5	31	12	0	24
34310	2008	6	1	12	20	24
34310	2008	6	2	12	45	24
34310	2008	6	3	12	0	24
34310	2008	6	4	12	0	24
34310	2008	6	5	12	0	24
34310	2008	6	6	12	0	24
34310	2008	6	7	12	-1	24
34310	2008	6	8	12	0	24
34310	2008	6	9	12	0	24
34310	2008	6	10	12	0	24
34310	2008	6	11	12	0	24
34310	2008	6	12	12	0	24
34310	2008	6	13	12	-1	24
34310	2008	6	14	12	0	24
34310	2008	6	15	12	0	24
34310	2008	6	16	12	6	24
34310	2008	6	17	12	4	24
34310	2008	6	18	12	3	24
34310	2008	6	19	12	0	24
34310	2008	6	20	12	0	24
34310	2008	6	21	12	0	24
34310	2008	6	22	12	0	24
34310	2008	6	23	12	31	24
34310	2008	6	24	12	2	24
34310	2008	6	25	12	5	24
34310	2008	6	26	12	0	24
34310	2008	6	27	12	48	24
34310	2008	6	28	12	0	24
34310	2008	6	29	12	0	24
34310	2008	6	30	12	0	24
34310	2008	7	1	12	0	24
34310	2008	7	2	12	0	24
34310	2008	7	3	12	0	24
34310	2008	7	4	12	0	24
34310	2008	7	5	12	0	24
34310	2008	7	6	12	0	24
34310	2008	7	7	12	0	24
34310	2008	7	8	12	0	24
34310	2008	7	9	12	0	24
34310	2008	7	10	12	3	24
34310	2008	7	11	12	47	24
34310	2008	7	12	12	24	24
34310	2008	7	13	12	44	24
34310	2008	7	14	12	1	24
34310	2008	7	15	12	0	24
34310	2008	7	16	12	0	24
34310	2008	7	17	12	0	24
34310	2008	7	18	12	0	24
34310	2008	7	19	12	0	24
34310	2008	7	20	12	0	24
34310	2008	7	21	12	-1	24
34310	2008	7	22	12	0	24
34310	2008	7	23	12	0	24
34310	2008	7	24	12	0	24
34310	2008	7	25	12	0	24
34310	2008	7	26	12	0	24
34310	2008	7	27	12	0	24
34310	2008	7	28	12	-1	24
34310	2008	7	29	12	-1	24
34310	2008	7	30	12	0	24
34310	2008	7	31	12	0	24
34310	2008	8	1	12	0	24
34310	2008	8	2	12	0	24
34310	2008	8	3	12	0	24
34310	2008	8	4	12	0	24
34310	2008	8	5	12	3	24
34310	2008	8	6	12	-1	24
34310	2008	8	7	12	0	24
34310	2008	8	8	12	68	24
34310	2008	8	9	12	126	24
34310	2008	8	10	12	106	24
34310	2008	8	11	12	75	24
34310	2008	8	12	12	46	24
34310	2008	8	13	12	2	24
34310	2008	8	14	12	95	24
34310	2008	8	15	12	0	24
34310	2008	8	16	12	0	24
34310	2008	8	17	12	0	24
34310	2008	8	18	12	0	24
34310	2008	8	19	12	0	24
34310	2008	8	20	12	0	24
34310	2008	8	21	12	0	24
34310	2008	8	22	12	0	24
34310	2008	8	23	12	0	24
34310	2008	8	24	12	0	24
34310	2008	8	25	12	0	24
34310	2008	8	26	12	0	24
34310	2008	8	27	12	0	24
34310	2008	8	28	12	0	24
34310	2008	8	29	12	0	24
34310	2008	8	30	12	0	24
34310	2008	8	31	12	0	24
34310	2008	9	1	12	0	24
34310	2008	9	2	12	0	24
34310	2008	9	3	12	0	24
34310	2008	9	4	12	0	24
34310	2008	9	5	12	37	24
34310	2008	9	6	12	0	24
34310	2008	9	7	12	0	24
34310	2008	9	8	12	0	24
34310	2008	9	9	12	0	24
34310	2008	9	10	12	0	24
34310	2008	9	11	12	0	24
34310	2008	9	12	12	0	24
34310	2008	9	13	12	-1	24
34310	2008	9	14	12	0	24
34310	2008	9	15	12	0	24
34310	2008	9	16	12	0	24
34310	2008	9	17	12	9	24
34310	2008	9	18	12	85	24
34310	2008	9	19	12	60	24
34310	2008	9	20	12	27	24
34310	2008	9	21	12	119	24
34310	2008	9	22	12	15	24
34310	2008	9	23	12	16	24
34310	2008	9	24	12	-1	24
34310	2008	9	25	12	70	24
34310	2008	9	26	12	44	24
34310	2008	9	27	12	-1	24
34310	2008	9	29	12	29	48
34310	2008	9	30	12	28	24
34310	2008	10	1	12	7	24
34310	2008	10	2	12	-1	24
34310	2008	10	3	12	-1	24
34310	2008	10	4	12	-1	24
34310	2008	10	5	12	-1	24
34310	2008	10	6	12	3	24
34310	2008	10	7	12	47	24
34310	2008	10	8	12	-1	24
34310	2008	10	9	12	-1	24
34310	2008	10	10	12	-1	24
34310	2008	10	11	12	18	24
34310	2008	10	12	12	-1	24
34310	2008	10	13	12	19	24
34310	2008	10	14	12	82	24
34310	2008	10	15	12	148	24
34310	2008	10	16	12	36	24
34310	2008	10	17	12	19	24
34310	2008	10	18	12	0	24
34310	2008	10	19	12	0	24
34310	2008	10	20	12	0	24
34310	2008	10	21	12	0	24
34310	2008	10	22	12	0	24
34310	2008	10	23	12	-1	24
34310	2008	10	24	12	0	24
34310	2008	10	25	12	0	24
34310	2008	10	26	12	11	24
34310	2008	10	27	12	0	24
34310	2008	10	28	12	0	24
34310	2008	10	29	12	0	24
34310	2008	10	30	12	0	24
34310	2008	10	31	12	25	24
34310	2008	11	1	12	83	24
34310	2008	11	2	12	87	24
34310	2008	11	3	12	-1	24
34310	2008	11	4	12	6	24
34310	2008	11	5	12	2	24
34310	2008	11	6	12	5	24
34310	2008	11	7	12	12	24
34310	2008	11	8	12	0	24
34310	2008	11	9	12	0	24
34310	2008	11	10	12	18	24
34310	2008	11	11	12	19	24
34310	2008	11	12	12	18	24
34310	2008	11	13	12	66	24
34310	2008	11	14	12	10	24
34310	2008	11	15	12	11	24
34310	2008	11	16	12	0	24
34310	2008	11	17	12	0	24
34310	2008	11	18	12	0	24
34310	2008	11	19	12	2	24
34310	2008	11	20	12	61	24
34310	2008	11	21	12	90	24
34310	2008	11	22	12	32	24
34310	2008	11	23	12	0	24
34310	2008	11	24	12	10	24
34310	2008	11	25	12	81	24
34310	2008	11	26	12	32	24
34310	2008	11	27	12	-1	24
34310	2008	11	28	12	0	24
34310	2008	11	29	12	0	24
34310	2008	11	30	12	0	24
34310	2008	12	1	12	2	24
34310	2008	12	2	12	0	24
34310	2008	12	3	12	-1	24
34310	2008	12	4	12	0	24
34310	2008	12	5	12	0	24
34310	2008	12	6	12	0	24
34310	2008	12	7	12	-1	24
34310	2008	12	8	12	-1	24
34310	2008	12	9	12	-1	24
34310	2008	12	10	12	90	24
34310	2008	12	11	12	200	24
34310	2008	12	12	12	0	24
34310	2008	12	13	12	0	24
34310	2008	12	14	12	0	24
34310	2008	12	15	12	0	24
34310	2008	12	16	12	7	24
34310	2008	12	17	12	65	24
34310	2008	12	18	12	57	24
34310	2008	12	19	12	0	24
34310	2008	12	20	12	0	24
34310	2008	12	21	12	0	24
34310	2008	12	22	12	0	24
34310	2008	12	23	12	0	24
34310	2008	12	24	12	15	24
34310	2008	12	25	12	24	24
34310	2008	12	26	12	0	24
34310	2008	12	27	12	0	24
34310	2008	12	28	12	0	24
34310	2008	12	29	12	7	24
34310	2008	12	30	12	24	24
34310	2008	12	31	12	-1	24
34310	2009	1	1	12	0	24
34310	2009	1	2	12	0	24
34310	2009	1	3	12	0	24
34310	2009	1	4	12	22	24
34310	2009	1	5	12	0	24
34310	2009	1	6	12	0	24
34310	2009	1	7	12	0	24
34310	2009	1	8	12	0	24
34310	2009	1	9	12	0	24
34310	2009	1	10	12	0	24
34310	2009	1	11	12	0	24
34310	2009	1	12	12	-1	24
34310	2009	1	13	12	48	24
34310	2009	1	14	12	-1	24
34310	2009	1	15	12	8	24
34310	2009	1	16	12	26	24
34310	2009	1	17	12	0	24
34310	2009	1	18	12	0	24
34310	2009	1	19	12	5	24
34310	2009	1	20	12	7	24
34310	2009	1	21	12	3	24
34310	2009	1	22	12	29	24
34310	2009	1	23	12	-1	24
34310	2009	1	24	12	5	24
34310	2009	1	25	12	0	24
34310	2009	1	26	12	0	24
34310	2009	1	27	12	0	24
34310	2009	1	28	12	0	24
34310	2009	1	29	12	0	24
34310	2009	1	30	12	0	24
34310	2009	1	31	12	93	24
34310	2009	2	1	12	44	24
34310	2009	2	2	12	5	24
34310	2009	2	3	12	1	24
34310	2009	2	4	12	0	24
34310	2009	2	5	12	10	24
34310	2009	2	6	12	9	24
34310	2009	2	7	12	32	24
34310	2009	2	8	12	0	24
34310	2009	2	9	12	3	24
34310	2009	2	10	12	0	24
34310	2009	2	11	12	0	24
34310	2009	2	12	12	0	24
34310	2009	2	13	12	1	24
34310	2009	2	14	12	0	24
34310	2009	2	15	12	0	24
34310	2009	2	16	12	0	24
34310	2009	2	17	12	-1	24
34310	2009	2	18	12	-1	24
34310	2009	2	19	12	25	24
34310	2009	2	20	12	20	24
34310	2009	2	21	12	0	24
34310	2009	2	22	12	0	24
34310	2009	2	23	12	8	24
34310	2009	2	24	12	0	24
34310	2009	2	25	12	-1	24
34310	2009	2	26	12	0	24
34310	2009	2	27	12	0	24
34310	2009	2	28	12	0	24
34310	2009	3	1	12	0	24
34310	2009	3	2	12	0	24
34310	2009	3	3	12	21	24
34310	2009	3	4	12	10	24
34310	2009	3	5	12	0	24
34310	2009	3	6	12	0	24
34310	2009	3	7	12	0	24
34310	2009	3	8	12	0	24
34310	2009	3	9	12	-1	24
34310	2009	3	11	12	35	48
34310	2009	3	12	12	2	24
34310	2009	3	13	12	19	24
34310	2009	3	14	12	-1	24
34310	2009	3	15	12	0	24
34310	2009	3	16	12	2	24
34310	2009	3	17	12	-1	24
34310	2009	3	18	12	0	24
34310	2009	3	19	12	0	24
34310	2009	3	20	12	10	24
34310	2009	3	21	12	0	24
34310	2009	3	22	12	0	24
34310	2009	3	23	12	3	24
34310	2009	3	24	12	0	24
34310	2009	3	25	12	0	24
34310	2009	3	26	12	0	24
34310	2009	3	31	12	35	120
34310	2009	4	1	12	0	24
34310	2009	4	2	12	2	24
34310	2009	4	3	12	0	24
34310	2009	4	4	12	0	24
34310	2009	4	5	12	0	24
34310	2009	4	6	12	0	24
34310	2009	4	7	12	0	24
34310	2009	4	8	12	0	24
34310	2009	4	9	12	10	24
34310	2009	4	10	12	5	24
34310	2009	4	11	12	0	24
34310	2009	4	12	12	0	24
34310	2009	4	13	12	0	24
34310	2009	4	14	12	3	24
34310	2009	4	15	12	0	24
34310	2009	4	16	12	0	24
34310	2009	4	17	12	0	24
34310	2009	4	18	12	0	24
34310	2009	4	19	12	0	24
34310	2009	4	20	12	0	24
34310	2009	4	21	12	2	24
34310	2009	4	22	12	3	24
34310	2009	4	23	12	0	24
34310	2009	4	24	12	0	24
34310	2009	4	25	12	0	24
34310	2009	4	26	12	0	24
34310	2009	4	27	12	0	24
34310	2009	4	28	12	0	24
34310	2009	4	29	12	0	24
34310	2009	4	30	12	0	24
34310	2009	5	1	12	0	24
34310	2009	5	2	12	0	24
34310	2009	5	3	12	0	24
34310	2009	5	4	12	0	24
34310	2009	5	5	12	0	24
34310	2009	5	6	12	0	24
34310	2009	5	7	12	0	24
34310	2009	5	8	12	0	24
34310	2009	5	9	12	0	24
34310	2009	5	10	12	0	24
34310	2009	5	11	12	0	24
34310	2009	5	12	12	0	24
34310	2009	5	13	12	0	24
34310	2009	5	14	12	0	24
34310	2009	5	15	12	0	24
34310	2009	5	16	12	0	24
34310	2009	5	17	12	0	24
34310	2009	5	18	12	0	24
34310	2009	5	19	12	0	24
34310	2009	5	20	12	0	24
34310	2009	5	21	12	10	24
34310	2009	5	22	12	-1	24
34310	2009	5	23	12	-1	24
34310	2009	5	24	12	22	24
34310	2009	5	25	12	28	24
34310	2009	5	26	12	16	24
34310	2009	5	27	12	11	24
34310	2009	5	28	12	1	24
34310	2009	5	29	12	0	24
34310	2009	5	30	12	0	24
34310	2009	5	31	12	0	24
34310	2009	6	1	12	12	24
34310	2009	6	2	12	0	24
34310	2009	6	3	12	8	24
34310	2009	6	4	12	0	24
34310	2009	6	5	12	5	24
34310	2009	6	6	12	0	24
34310	2009	6	7	12	0	24
34310	2009	6	8	12	0	24
34310	2009	6	9	12	0	24
34310	2009	6	10	12	0	24
34310	2009	6	11	12	0	24
34310	2009	6	12	12	0	24
34310	2009	6	13	12	0	24
34310	2009	6	14	12	0	24
34310	2009	6	15	12	0	24
34310	2009	6	16	12	7	24
34310	2009	6	17	12	49	24
34310	2009	6	18	12	4	24
34310	2009	6	19	12	7	24
34310	2009	6	20	12	-1	24
34310	2009	6	21	12	-1	24
34310	2009	6	22	12	-1	24
34310	2009	6	23	12	-1	24
34310	2009	6	24	12	-1	24
34310	2009	6	25	12	0	24
34310	2009	6	26	12	0	24
34310	2009	6	27	12	0	24
34310	2009	6	28	12	0	24
34310	2009	6	29	12	0	24
34310	2009	6	30	12	0	24
34310	2009	7	1	12	0	24
34310	2009	7	2	12	0	24
34310	2009	7	3	12	0	24
34310	2009	7	4	12	0	24
34310	2009	7	5	12	0	24
34310	2009	7	6	12	0	24
34310	2009	7	7	12	0	24
34310	2009	7	8	12	0	24
34310	2009	7	9	12	0	24
34310	2009	7	10	12	0	24
34310	2009	7	11	12	0	24
34310	2009	7	12	12	0	24
34310	2009	7	13	12	53	24
34310	2009	7	14	12	66	24
34310	2009	7	15	12	0	24
34310	2009	7	16	12	76	24
34310	2009	7	17	12	58	24
34310	2009	7	18	12	65	24
34310	2009	7	19	12	0	24
34310	2009	7	20	12	81	24
34310	2009	7	21	12	28	24
34310	2009	7	22	12	11	24
34310	2009	7	23	12	9	24
34310	2009	7	24	12	0	24
34310	2009	7	25	12	0	24
34310	2009	7	26	12	0	24
34310	2009	7	27	12	0	24
34310	2009	7	28	12	0	24
34310	2009	7	29	12	144	24
34310	2009	7	30	12	94	24
34310	2009	7	31	12	20	24
34310	2009	8	1	12	0	24
34310	2009	8	2	12	0	24
34310	2009	8	3	12	0	24
34310	2009	8	4	12	0	24
34310	2009	8	5	12	0	24
34310	2009	8	6	12	0	24
34310	2009	8	7	12	0	24
34310	2009	8	8	12	0	24
34310	2009	8	9	12	0	24
34310	2009	8	10	12	0	24
34310	2009	8	11	12	0	24
34310	2009	8	12	12	0	24
34310	2009	8	13	12	0	24
34310	2009	8	14	12	0	24
34310	2009	8	15	12	0	24
34310	2009	8	16	12	0	24
34310	2009	8	17	12	0	24
34310	2009	8	18	12	0	24
34310	2009	8	19	12	0	24
34310	2009	8	20	12	7	24
34310	2009	8	21	12	32	24
34310	2009	8	22	12	56	24
34310	2009	8	23	12	3	24
34310	2009	8	24	12	0	24
34310	2009	8	25	12	-1	24
34310	2009	8	26	12	-1	24
34310	2009	8	27	12	0	24
34310	2009	8	28	12	0	24
34310	2009	8	29	12	-1	24
34310	2009	8	30	12	0	24
34310	2009	8	31	12	10	24
34310	2009	9	1	12	-1	24
34310	2009	9	2	12	85	24
34310	2009	9	3	12	154	24
34310	2009	9	4	12	9	24
34310	2009	9	5	12	0	24
34310	2009	9	6	12	0	24
34310	2009	9	7	12	0	24
34310	2009	9	8	12	0	24
34310	2009	9	9	12	0	24
34310	2009	9	10	12	0	24
34310	2009	9	11	12	14	24
34310	2009	9	13	12	26	48
34310	2009	9	14	12	0	24
34310	2009	9	15	12	0	24
34310	2009	9	16	12	0	24
34310	2009	9	17	12	0	24
34310	2009	9	18	12	12	24
34310	2009	9	19	12	22	24
34310	2009	9	20	12	11	24
34310	2009	9	21	12	10	24
34310	2009	9	22	12	35	24
34310	2009	9	23	12	179	24
34310	2009	9	24	12	117	24
34310	2009	9	25	12	48	24
34310	2009	9	26	12	5	24
34310	2009	9	27	12	2	24
34310	2009	9	28	12	39	24
34310	2009	9	29	12	28	24
34310	2009	9	30	12	39	24
34310	2009	10	1	12	9	24
34310	2009	10	2	12	48	24
34310	2009	10	3	12	8	24
34310	2009	10	4	12	38	24
34310	2009	10	5	12	0	24
34310	2009	10	6	12	120	24
34310	2009	10	7	12	145	24
34310	2009	10	8	12	92	24
34310	2009	10	9	12	81	24
34310	2009	10	10	12	29	24
34310	2009	10	11	12	0	24
34310	2009	10	12	12	0	24
34310	2009	10	13	12	0	24
34310	2009	10	14	12	0	24
34310	2009	10	15	12	0	24
34310	2009	10	16	12	0	24
34310	2009	10	17	12	51	24
34310	2009	10	18	12	12	24
34310	2009	10	19	12	30	24
34310	2009	10	20	12	36	24
34310	2009	10	21	12	131	24
34310	2009	10	22	12	45	24
34310	2009	10	23	12	0	24
34310	2009	10	24	12	0	24
34310	2009	10	25	12	18	24
34310	2009	10	26	12	6	24
34310	2009	10	27	12	20	24
34310	2009	10	28	12	9	24
34310	2009	10	29	12	8	24
34310	2009	10	30	12	0	24
34310	2009	10	31	12	35	24
34310	2009	11	1	12	0	24
34310	2009	11	2	12	4	24
34310	2009	11	3	12	13	24
34310	2009	11	4	12	6	24
34310	2009	11	5	12	0	24
34310	2009	11	6	12	0	24
34310	2009	11	7	12	0	24
34310	2009	11	8	12	0	24
34310	2009	11	9	12	0	24
34310	2009	11	10	12	51	24
34310	2009	11	11	12	75	24
34310	2009	11	12	12	0	24
34310	2009	11	13	12	0	24
34310	2009	11	14	12	0	24
34310	2009	11	15	12	0	24
34310	2009	11	16	12	0	24
34310	2009	11	17	12	0	24
34310	2009	11	18	12	44	24
34310	2009	11	19	12	35	24
34310	2009	11	20	12	0	24
34310	2009	11	21	12	0	24
34310	2009	11	22	12	0	24
34310	2009	11	23	12	0	24
34310	2009	11	24	12	-1	24
34310	2009	11	25	12	0	24
34310	2009	11	26	12	0	24
34310	2009	11	27	12	0	24
34310	2009	11	28	12	0	24
34310	2009	11	29	12	4	24
34310	2009	11	30	12	2	24
34310	2009	12	1	12	0	24
34310	2009	12	2	12	-1	24
34310	2009	12	3	12	0	24
34310	2009	12	4	12	0	24
34310	2009	12	5	12	4	24
34310	2009	12	6	12	0	24
34310	2009	12	7	12	0	24
34310	2009	12	8	12	-1	24
34310	2009	12	9	12	2	24
34310	2009	12	10	12	3	24
34310	2009	12	11	12	0	24
34310	2009	12	13	12	8	48
34310	2009	12	14	12	0	24
34310	2009	12	15	12	0	24
34310	2009	12	16	12	0	24
34310	2009	12	17	12	0	24
34310	2009	12	18	12	0	24
34310	2009	12	19	12	0	24
34310	2009	12	21	12	300	48
34310	2009	12	22	12	25	24
34310	2009	12	23	12	3	24
34310	2009	12	25	12	3	48
34310	2009	12	26	12	-1	24
34310	2009	12	27	12	7	24
34310	2009	12	29	12	2	48
34310	2009	12	30	12	0	24
34310	2009	12	31	12	0	24
34310	2010	1	1	12	0	24
34310	2010	1	2	12	0	24
34310	2010	1	3	12	3	24
34310	2010	1	4	12	0	24
34310	2010	1	5	12	6	24
34310	2010	1	6	12	-1	24
34310	2010	1	7	12	2	24
34310	2010	1	8	12	0	24
34310	2010	1	9	12	0	24
34310	2010	1	10	12	0	24
34310	2010	1	11	12	0	24
34310	2010	1	12	12	-1	24
34310	2010	1	13	12	0	24
34310	2010	1	14	12	0	24
34310	2010	1	15	12	-1	24
34310	2010	1	16	12	0	24
34310	2010	1	17	12	0	24
34310	2010	1	18	12	0	24
34310	2010	1	19	12	12	24
34310	2010	1	20	12	4	24
34310	2010	1	21	12	7	24
34310	2010	1	22	12	0	24
34310	2010	1	23	12	1	24
34310	2010	1	24	12	7	24
34310	2010	1	25	12	3	24
34310	2010	1	26	12	6	24
34310	2010	1	27	12	0	24
34310	2010	1	28	12	0	24
34310	2010	1	29	12	2	24
34310	2010	1	30	12	0	24
34310	2010	1	31	12	0	24
34310	2010	2	1	12	0	24
34310	2010	2	2	12	6	24
34310	2010	2	3	12	0	24
34310	2010	2	4	12	0	24
34310	2010	2	5	12	0	24
34310	2010	2	6	12	4	24
34310	2010	2	7	12	2	24
34310	2010	2	8	12	2	24
34310	2010	2	9	12	5	24
34310	2010	2	10	12	280	24
34310	2010	2	11	12	250	24
34310	2010	2	12	12	0	24
34310	2010	2	13	12	0	24
34310	2010	2	14	12	0	24
34310	2010	2	15	12	0	24
34310	2010	2	16	12	0	24
34310	2010	2	17	12	30	24
34310	2010	2	18	12	0	24
34310	2010	2	19	12	0	24
34310	2010	2	20	12	0	24
34310	2010	2	21	12	-1	24
34310	2010	2	22	12	0	24
34310	2010	2	23	12	-1	24
34310	2010	2	24	12	0	24
34310	2010	2	25	12	0	24
34310	2010	2	26	12	-1	24
34310	2010	2	28	12	410	48
34310	2010	3	1	12	0	24
34310	2010	3	2	12	0	24
34310	2010	3	3	12	40	24
34310	2010	3	8	12	586	120
34310	2010	3	10	12	140	48
34310	2010	3	11	12	0	24
34310	2010	3	12	12	0	24
34310	2010	3	13	12	0	24
34310	2010	3	14	12	0	24
34310	2010	3	15	12	0	24
34310	2010	3	16	12	0	24
34310	2010	3	17	12	0	24
34310	2010	3	18	12	0	24
34310	2010	3	19	12	0	24
34310	2010	3	21	12	28	48
34310	2010	3	22	12	-1	24
34310	2010	3	23	12	0	24
34310	2010	3	24	12	0	24
34310	2010	3	25	12	0	24
34310	2010	3	26	12	0	24
34310	2010	3	27	12	0	24
34310	2010	3	28	12	-1	24
34310	2010	3	29	12	0	24
34310	2010	3	30	12	0	24
34310	2010	3	31	12	0	24
34310	2010	4	1	12	0	24
34310	2010	4	2	12	0	24
34310	2010	4	3	12	3	24
34310	2010	4	4	12	5	24
34310	2010	4	5	12	0	24
34310	2010	4	6	12	0	24
34310	2010	4	7	12	0	24
34310	2010	4	8	12	147	24
34310	2010	4	9	12	0	24
34310	2010	4	10	12	0	24
34310	2010	4	11	12	0	24
34310	2010	4	12	12	0	24
34310	2010	4	13	12	0	24
34310	2010	4	14	12	0	24
34310	2010	4	15	12	0	24
34310	2010	4	16	12	0	24
34310	2010	4	17	12	0	24
34310	2010	4	18	12	210	24
34310	2010	4	19	12	-1	24
34310	2010	4	20	12	-1	24
34310	2010	4	21	12	102	24
34310	2010	4	22	12	13	24
34310	2010	4	23	12	123	24
34310	2010	4	24	12	352	24
34310	2010	4	26	12	67	48
34310	2010	4	27	12	0	24
34310	2010	4	28	12	0	24
34310	2010	4	29	12	20	24
34310	2010	4	30	12	114	24
34310	2010	5	1	12	61	24
34310	2010	5	2	12	8	24
34310	2010	5	3	12	0	24
34310	2010	5	4	12	0	24
34310	2010	5	5	12	281	24
34310	2010	5	10	12	200	120
34310	2010	5	11	12	0	24
34310	2010	5	20	12	26	216
34310	2010	5	23	12	-1	72
34310	2010	5	24	12	0	24
34310	2010	5	27	12	18	72
34310	2010	5	28	12	0	24
34310	2010	5	29	12	-1	24
34310	2010	5	30	12	0	24
34310	2010	5	31	12	0	24
34310	2010	6	1	12	0	24
34310	2010	6	2	12	0	24
34310	2010	6	3	12	0	24
34310	2010	6	4	12	0	24
34310	2010	6	5	12	0	24
34310	2010	6	6	12	8	24
34310	2010	6	7	12	0	24
34310	2010	6	8	12	0	24
34310	2010	6	9	12	0	24
34310	2010	6	10	12	0	24
34310	2010	6	11	12	0	24
34310	2010	6	12	12	0	24
34310	2010	6	13	12	23	24
34310	2010	6	14	12	18	24
34310	2010	6	15	12	0	24
34310	2010	6	16	12	0	24
34310	2010	6	17	12	0	24
34310	2010	6	18	12	0	24
34310	2010	6	19	12	0	24
34310	2010	6	20	12	0	24
34310	2010	6	21	12	-1	24
34310	2010	6	22	12	39	24
34310	2010	6	23	12	0	24
34310	2010	6	24	12	0	24
34310	2010	6	25	12	0	24
34310	2010	6	26	12	0	24
34310	2010	6	27	12	0	24
34310	2010	6	28	12	0	24
34310	2010	6	29	12	0	24
34310	2010	6	30	12	0	24
34310	2010	7	1	12	0	24
34310	2010	7	2	12	0	24
34310	2010	7	3	12	0	24
34310	2010	7	4	12	0	24
34310	2010	7	5	12	0	24
34310	2010	7	6	12	0	24
34310	2010	7	7	12	0	24
34310	2010	7	8	12	0	24
34310	2010	7	9	12	0	24
34310	2010	7	10	12	0	24
34310	2010	7	11	12	0	24
34310	2010	7	12	12	0	24
34310	2010	7	13	12	0	24
34310	2010	7	14	12	0	24
34310	2010	7	15	12	0	24
34310	2010	7	16	12	20	24
34310	2010	7	17	12	2	24
34310	2010	7	18	12	5	24
34310	2010	7	19	12	0	24
34310	2010	7	20	12	11	24
34310	2010	7	21	12	8	24
34310	2010	7	22	12	0	24
34310	2010	7	23	12	10	24
34310	2010	7	24	12	50	24
34310	2010	7	25	12	0	24
34310	2010	7	26	12	0	24
34310	2010	7	27	12	1	24
34310	2010	7	28	12	0	24
34310	2010	7	29	12	0	24
34310	2010	7	30	12	0	24
34310	2010	7	31	12	0	24
34310	2010	8	1	12	0	24
34310	2010	8	2	12	0	24
34310	2010	8	3	12	0	24
34310	2010	8	4	12	0	24
34310	2010	8	5	12	0	24
34310	2010	8	6	12	0	24
34310	2010	8	7	12	0	24
34310	2010	8	8	12	-1	24
34310	2010	8	9	12	0	24
34310	2010	8	10	12	15	24
34310	2010	8	11	12	20	24
34310	2010	8	12	12	0	24
34310	2010	8	13	12	54	24
34310	2010	8	14	12	2	24
34310	2010	8	15	12	-1	24
34310	2010	8	16	12	0	24
34310	2010	8	17	12	0	24
34310	2010	8	18	12	0	24
34310	2010	8	19	12	0	24
34310	2010	8	20	12	0	24
34310	2010	8	21	12	0	24
34310	2010	8	22	12	0	24
34310	2010	8	23	12	0	24
34310	2010	8	24	12	0	24
34310	2010	8	25	12	31	24
34310	2010	8	26	12	1	24
34310	2010	8	27	12	0	24
34310	2010	8	28	12	0	24
34310	2010	8	29	12	0	24
34310	2010	8	30	12	0	24
34310	2010	8	31	12	14	24
34310	2010	9	1	12	0	24
34310	2010	9	2	12	2	24
34310	2010	9	3	12	1	24
34310	2010	9	4	12	1	24
34310	2010	9	5	12	0	24
34310	2010	9	6	12	12	24
34310	2010	9	7	12	34	24
34310	2010	9	8	12	12	24
34310	2010	9	9	12	23	24
34310	2010	9	10	12	0	24
34310	2010	9	11	12	0	24
34310	2010	9	12	12	0	24
34310	2010	9	13	12	0	24
34310	2010	9	16	12	3	72
34310	2010	9	17	12	10	24
34310	2010	9	18	12	0	24
34310	2010	9	19	12	4	24
34310	2010	9	20	12	2	24
34310	2010	9	21	12	1	24
34310	2010	9	22	12	0	24
34310	2010	9	23	12	0	24
34310	2010	9	24	12	0	24
34310	2010	9	25	12	0	24
34310	2010	9	26	12	0	24
34310	2010	9	27	12	0	24
34310	2010	9	28	12	0	24
34310	2010	9	29	12	11	24
34310	2010	9	30	12	4	24
34310	2010	10	1	12	17	24
34310	2010	10	2	12	11	24
34310	2010	10	3	12	0	24
34310	2010	10	4	12	3	24
34310	2010	10	5	12	66	24
34310	2010	10	6	12	0	24
34310	2010	10	7	12	0	24
34310	2010	10	8	12	0	24
34310	2010	10	9	12	0	24
34310	2010	10	10	12	5	24
34310	2010	10	11	12	0	24
34310	2010	10	12	12	1	24
34310	2010	10	13	12	0	24
34310	2010	10	14	12	0	24
34310	2010	10	15	12	0	24
34310	2010	10	16	12	7	24
34310	2010	10	17	12	0	24
34310	2010	10	18	12	18	24
34310	2010	10	19	12	26	24
34310	2010	10	20	12	18	24
34310	2010	10	21	12	-1	24
34310	2010	10	23	12	14	48
34310	2010	10	24	12	25	24
34310	2010	10	25	12	17	24
34310	2010	10	26	12	14	24
34310	2010	10	27	12	9	24
34310	2010	10	28	12	-1	24
34310	2010	10	29	12	0	24
34310	2010	10	30	12	0	24
34310	2010	10	31	12	0	24
34310	2010	11	1	12	4	24
34310	2010	11	2	12	0	24
34310	2010	11	3	12	0	24
34310	2010	11	4	12	0	24
34310	2010	11	5	12	0	24
34310	2010	11	6	12	0	24
34310	2010	11	7	12	7	24
34310	2010	11	8	12	6	24
34310	2010	11	9	12	0	24
34310	2010	11	10	12	0	24
34310	2010	11	11	12	0	24
34310	2010	11	12	12	0	24
34310	2010	11	13	12	0	24
34310	2010	11	14	12	0	24
34310	2010	11	15	12	4	24
34310	2010	11	16	12	9	24
34310	2010	11	17	12	0	24
34310	2010	11	18	12	0	24
34310	2010	11	19	12	0	24
34310	2010	11	20	12	0	24
34310	2010	11	21	12	0	24
34310	2010	11	22	12	0	24
34310	2010	11	23	12	0	24
34310	2010	11	24	12	0	24
34310	2010	11	25	12	0	24
34310	2010	11	26	12	0	24
34310	2010	11	27	12	0	24
34310	2010	11	28	12	0	24
34310	2010	11	29	12	0	24
34310	2010	11	30	12	0	24
34310	2010	12	1	12	7	24
34310	2010	12	2	12	9	24
34310	2010	12	3	12	16	24
34310	2010	12	4	12	4	24
34310	2010	12	5	12	-1	24
34310	2010	12	6	12	0	24
34310	2010	12	7	12	5	24
34310	2010	12	8	12	0	24
34310	2010	12	9	12	0	24
34310	2010	12	10	12	0	24
34310	2010	12	11	12	0	24
34310	2010	12	12	12	0	24
34310	2010	12	13	12	0	24
34310	2010	12	14	12	8	24
34310	2010	12	16	12	228	48
34310	2010	12	17	12	0	24
34310	2010	12	18	12	4	24
34310	2010	12	19	12	5	24
34310	2010	12	20	12	36	24
34310	2010	12	21	12	0	24
34310	2010	12	22	12	-1	24
34310	2010	12	23	12	-1	24
34310	2010	12	24	12	0	24
34310	2010	12	25	12	8	24
34310	2010	12	26	12	1	24
34310	2010	12	27	12	0	24
34310	2010	12	28	12	0	24
34310	2010	12	29	12	22	24
34310	2010	12	30	12	6	24
34310	2010	12	31	12	-1	24
34310	2011	1	1	12	0	24
34310	2011	1	2	12	0	24
34310	2011	1	3	12	0	24
34310	2011	1	4	12	0	24
34310	2011	1	5	12	8	24
34310	2011	1	6	12	12	24
34310	2011	1	7	12	10	24
34310	2011	1	8	12	2	24
34310	2011	1	10	12	5	48
34310	2011	1	11	12	5	24
34310	2011	1	12	12	0	24
34310	2011	1	13	12	0	24
34310	2011	1	14	12	15	24
34310	2011	1	15	12	4	24
34310	2011	1	16	12	3	24
34310	2011	1	17	12	-1	24
34310	2011	1	18	12	0	24
34310	2011	1	19	12	0	24
34310	2011	1	20	12	11	24
34310	2011	1	21	12	14	24
34310	2011	1	22	12	0	24
34310	2011	1	23	12	0	24
34310	2011	1	24	12	54	24
34310	2011	1	25	12	0	24
34310	2011	1	26	12	0	24
34310	2011	1	27	12	0	24
34310	2011	1	28	12	0	24
34310	2011	1	29	12	0	24
34310	2011	1	30	12	0	24
34310	2011	1	31	12	0	24
34310	2011	2	1	12	3	24
34310	2011	2	2	12	0	24
34310	2011	2	3	12	48	24
34310	2011	2	4	12	7	24
34310	2011	2	5	12	13	24
34310	2011	2	6	12	2	24
34310	2011	2	7	12	9	24
34310	2011	2	8	12	0	24
34310	2011	2	9	12	0	24
34310	2011	2	10	12	0	24
34310	2011	2	11	12	0	24
34310	2011	2	12	12	0	24
34310	2011	2	13	12	0	24
34310	2011	2	14	12	0	24
34310	2011	2	15	12	0	24
34310	2011	2	16	12	0	24
34310	2011	2	17	12	0	24
34310	2011	2	18	12	0	24
34310	2011	2	19	12	4	24
34310	2011	2	20	12	6	24
34310	2011	2	21	12	8	24
34310	2011	2	22	12	0	24
34310	2011	2	23	12	0	24
34310	2011	2	24	12	9	24
34310	2011	2	25	12	20	24
34310	2011	2	26	12	0	24
34310	2011	2	27	12	33	24
34310	2011	2	28	12	-1	24
34310	2011	3	1	12	6	24
34310	2011	3	2	12	4	24
34310	2011	3	3	12	6	24
34310	2011	3	4	12	2	24
34310	2011	3	5	12	2	24
34310	2011	3	6	12	1	24
34310	2011	3	7	12	7	24
34310	2011	3	8	12	13	24
34310	2011	3	9	12	7	24
34310	2011	3	10	12	9	24
34310	2011	3	11	12	16	24
34310	2011	3	12	12	9	24
34310	2011	3	13	12	4	24
34310	2011	3	14	12	0	24
34310	2011	3	15	12	54	24
34310	2011	3	16	12	20	24
34310	2011	3	17	12	25	24
34310	2011	3	18	12	0	24
34310	2011	3	19	12	0	24
34310	2011	3	20	12	53	24
34310	2011	3	21	12	2	24
34310	2011	3	22	12	0	24
34310	2011	3	23	12	0	24
34310	2011	3	24	12	0	24
34310	2011	3	25	12	3	24
34310	2011	3	26	12	5	24
34310	2011	3	27	12	4	24
34310	2011	3	28	12	3	24
34310	2011	3	29	12	5	24
34310	2011	3	30	12	0	24
34310	2011	3	31	12	0	24
34310	2011	4	1	12	20	24
34310	2011	4	2	12	34	24
34310	2011	4	3	12	21	24
34310	2011	4	4	12	0	24
34310	2011	4	9	12	28	120
34310	2011	4	10	12	2	24
34310	2011	4	11	12	10	24
34310	2011	4	12	12	0	24
34310	2011	4	13	12	0	24
34310	2011	4	14	12	0	24
34310	2011	4	15	12	0	24
34310	2011	4	16	12	1	24
34310	2011	4	17	12	-1	24
34310	2011	4	18	12	0	24
34310	2011	4	19	12	0	24
34310	2011	4	20	12	47	24
34310	2011	4	21	12	17	24
34310	2011	4	22	12	13	24
34310	2011	4	23	12	0	24
34310	2011	4	24	12	39	24
34310	2011	4	25	12	8	24
34310	2011	4	26	12	13	24
34310	2011	4	27	12	8	24
34310	2011	4	28	12	0	24
34310	2011	4	29	12	0	24
34310	2011	4	30	12	0	24
34310	2011	5	1	12	9	24
34310	2011	5	2	12	0	24
34310	2011	5	3	12	0	24
34310	2011	5	4	12	0	24
34310	2011	5	5	12	0	24
34310	2011	5	6	12	0	24
34310	2011	5	7	12	-1	24
34310	2011	5	8	12	-1	24
34310	2011	5	9	12	0	24
34310	2011	5	10	12	0	24
34310	2011	5	11	12	0	24
34310	2011	5	12	12	9	24
34310	2011	5	13	12	0	24
34310	2011	5	14	12	0	24
34310	2011	5	15	12	-1	24
34310	2011	5	16	12	-1	24
34310	2011	5	17	12	0	24
34310	2011	5	18	12	9	24
34310	2011	5	19	12	7	24
34310	2011	5	20	12	19	24
34310	2011	5	21	12	41	24
34310	2011	5	22	12	32	24
34310	2011	5	23	12	8	24
34310	2011	5	24	12	12	24
34310	2011	5	25	12	28	24
34310	2011	5	26	12	12	24
34310	2011	5	27	12	0	24
34310	2011	5	28	12	0	24
34310	2011	5	29	12	0	24
34310	2011	5	30	12	0	24
34310	2011	5	31	12	0	24
34310	2011	6	1	12	17	24
34310	2011	6	2	12	0	24
34310	2011	6	3	12	0	24
34310	2011	6	4	12	0	24
34310	2011	6	5	12	0	24
34310	2011	6	6	12	-1	24
34310	2011	6	7	12	16	24
34310	2011	6	8	12	0	24
34310	2011	6	9	12	0	24
34310	2011	6	10	12	0	24
34310	2011	6	11	12	0	24
34310	2011	6	12	12	0	24
34310	2011	6	13	12	0	24
34310	2011	6	14	12	0	24
34310	2011	6	15	12	0	24
34310	2011	6	16	12	0	24
34310	2011	6	17	12	0	24
34310	2011	6	18	12	0	24
34310	2011	6	19	12	0	24
34310	2011	6	20	12	0	24
34310	2011	6	21	12	9	24
34310	2011	6	22	12	0	24
34310	2011	6	23	12	0	24
34310	2011	6	24	12	0	24
34310	2011	6	25	12	0	24
34310	2011	6	26	12	0	24
34310	2011	6	27	12	0	24
34310	2011	6	28	12	0	24
34310	2011	6	29	12	28	24
34310	2011	6	30	12	0	24
34310	2011	7	1	12	-1	24
34310	2011	7	2	12	0	24
34310	2011	7	3	12	0	24
34310	2011	7	4	12	0	24
34310	2011	7	5	12	0	24
34310	2011	7	6	12	76	24
34310	2011	7	7	12	89	24
34310	2011	7	8	12	27	24
34310	2011	7	9	12	1	24
34310	2011	7	10	12	1	24
34310	2011	7	11	12	28	24
34310	2011	7	12	12	8	24
34310	2011	7	13	12	13	24
34310	2011	7	14	12	0	24
34310	2011	7	15	12	0	24
34310	2011	7	16	12	0	24
34310	2011	7	17	12	0	24
34310	2011	7	18	12	0	24
34310	2011	7	19	12	0	24
34310	2011	7	20	12	0	24
34310	2011	7	21	12	0	24
34310	2011	7	22	12	0	24
34310	2011	7	23	12	0	24
34310	2011	7	24	12	0	24
34310	2011	7	25	12	0	24
34310	2011	7	26	12	0	24
34310	2011	7	27	12	0	24
34310	2011	7	28	12	0	24
34310	2011	7	29	12	0	24
34310	2011	7	30	12	0	24
34310	2011	7	31	12	0	24
34310	2011	8	1	12	39	24
34310	2011	8	2	12	0	24
34310	2011	8	3	12	0	24
34310	2011	8	4	12	0	24
34310	2011	8	5	12	0	24
34310	2011	8	6	12	0	24
34310	2011	8	7	12	0	24
34310	2011	8	8	12	0	24
34310	2011	8	9	12	0	24
34310	2011	8	10	12	28	24
34310	2011	8	11	12	134	24
34310	2011	8	12	12	12	24
34310	2011	8	13	12	21	24
34310	2011	8	14	12	0	24
34310	2011	8	15	12	0	24
34310	2011	8	16	12	0	24
34310	2011	8	17	12	0	24
34310	2011	8	18	12	48	24
34310	2011	8	19	12	21	24
34310	2011	8	20	12	48	24
34310	2011	8	21	12	15	24
34310	2011	8	22	12	5	24
34310	2011	8	23	12	31	24
34310	2011	8	24	12	0	24
34310	2011	8	25	12	0	24
34310	2011	8	26	12	6	24
34310	2011	8	27	12	0	24
34310	2011	8	28	12	0	24
34310	2011	8	29	12	0	24
34310	2011	8	30	12	0	24
34310	2011	8	31	12	0	24
34310	2011	9	1	12	0	24
34310	2011	9	2	12	0	24
34310	2011	9	3	12	3	24
34310	2011	9	4	12	3	24
34310	2011	9	5	12	0	24
34310	2011	9	6	12	0	24
34310	2011	9	7	12	0	24
34310	2011	9	8	12	0	24
34310	2011	9	9	12	0	24
34310	2011	9	10	12	0	24
34310	2011	9	11	12	0	24
34310	2011	9	12	12	0	24
34310	2011	9	13	12	0	24
34310	2011	9	14	12	0	24
34310	2011	9	15	12	0	24
34310	2011	9	16	12	0	24
34310	2011	9	17	12	0	24
34310	2011	9	18	12	0	24
34310	2011	9	19	12	0	24
34310	2011	9	20	12	0	24
34310	2011	9	21	12	0	24
34310	2011	9	22	12	0	24
34310	2011	9	23	12	7	24
34310	2011	9	24	12	0	24
34310	2011	9	25	12	0	24
34310	2011	9	26	12	0	24
34310	2011	9	27	12	0	24
34310	2011	9	28	12	-1	24
34310	2011	9	29	12	0	24
34310	2011	9	30	12	0	24
34310	2011	10	1	12	0	24
34310	2011	10	2	12	15	24
34310	2011	10	3	12	25	24
34310	2011	10	4	12	21	24
34310	2011	10	5	12	12	24
34310	2011	10	6	12	3	24
34310	2011	10	7	12	2	24
34310	2011	10	8	12	0	24
34310	2011	10	9	12	0	24
34310	2011	10	10	12	0	24
34310	2011	10	11	12	32	24
34310	2011	10	12	12	10	24
34310	2011	10	13	12	0	24
34310	2011	10	14	12	0	24
34310	2011	10	15	12	0	24
34310	2011	10	16	12	0	24
34310	2011	10	17	12	0	24
34310	2011	10	18	12	0	24
34310	2011	10	19	12	60	24
34310	2011	10	20	12	0	24
34310	2011	10	21	12	0	24
34310	2011	10	22	12	30	24
34310	2011	10	23	12	14	24
34310	2011	10	24	12	29	24
34310	2011	10	25	12	42	24
34310	2011	10	26	12	10	24
34310	2011	10	27	12	0	24
34310	2011	10	28	12	0	24
34310	2011	10	29	12	0	24
34310	2011	10	30	12	0	24
34310	2011	10	31	12	0	24
34310	2011	11	1	12	0	24
34310	2011	11	2	12	0	24
34310	2011	11	3	12	0	24
34310	2011	11	4	12	-1	24
34310	2011	11	5	12	21	24
34310	2011	11	6	12	55	24
34310	2011	11	7	12	20	24
34310	2011	11	8	12	35	24
34310	2011	11	9	12	22	24
34310	2011	11	10	12	29	24
34310	2011	11	11	12	0	24
34310	2011	11	12	12	0	24
34310	2011	11	13	12	0	24
34310	2011	11	14	12	0	24
34310	2011	11	15	12	0	24
34310	2011	11	16	12	15	24
34310	2011	11	17	12	0	24
34310	2011	11	18	12	0	24
34310	2011	11	19	12	0	24
34310	2011	11	20	12	0	24
34310	2011	11	21	12	45	24
34310	2011	11	22	12	17	24
34310	2011	11	23	12	0	24
34310	2011	11	24	12	0	24
34310	2011	11	25	12	20	24
34310	2011	11	26	12	30	24
34310	2011	11	27	12	0	24
34310	2011	11	28	12	0	24
34310	2011	11	29	12	0	24
34310	2011	11	30	12	0	24
34310	2011	12	1	12	0	24
34310	2011	12	2	12	0	24
34310	2011	12	3	12	0	24
34310	2011	12	4	12	0	24
34310	2011	12	5	12	0	24
34310	2011	12	6	12	0	24
34310	2011	12	7	12	0	24
34310	2011	12	8	12	0	24
34310	2011	12	9	12	0	24
34310	2011	12	10	12	0	24
34310	2011	12	11	12	-1	24
34310	2011	12	12	12	2	24
34310	2011	12	13	12	0	24
34310	2011	12	14	12	0	24
34310	2011	12	15	12	0	24
34310	2011	12	16	12	3	24
34310	2011	12	17	12	23	24
34310	2011	12	18	12	26	24
34310	2011	12	19	12	0	24
34310	2011	12	20	12	0	24
34310	2011	12	21	12	0	24
34310	2011	12	22	12	24	24
34310	2011	12	23	12	32	24
34310	2011	12	24	12	38	24
34310	2011	12	25	12	30	24
34310	2011	12	26	12	20	24
34310	2011	12	27	12	0	24
34310	2011	12	28	12	30	24
34310	2011	12	29	12	25	24
34310	2011	12	30	12	0	24
34310	2011	12	31	12	0	24
34310	2012	1	1	12	25	24
34310	2012	1	2	12	90	24
34310	2012	1	3	12	140	24
34310	2012	1	4	12	17	24
34310	2012	1	5	12	10	24
34310	2012	1	6	12	6	24
34310	2012	1	7	12	10	24
34310	2012	1	9	12	26	48
34310	2012	1	10	12	29	24
34310	2012	1	11	12	7	24
34310	2012	1	12	12	4	24
34310	2012	1	13	12	6	24
34310	2012	1	14	12	4	24
34310	2012	1	15	12	29	24
34310	2012	1	16	12	0	24
34310	2012	1	17	12	0	24
34310	2012	1	18	12	0	24
34310	2012	1	19	12	0	24
34310	2012	1	20	12	0	24
34310	2012	1	21	12	0	24
34310	2012	1	22	12	0	24
34310	2012	1	23	12	0	24
34310	2012	1	24	12	0	24
34310	2012	1	25	12	0	24
34310	2012	1	26	12	0	24
34310	2012	1	27	12	67	24
34310	2012	1	28	12	0	24
34310	2012	1	29	12	16	24
34310	2012	1	30	12	2	24
34310	2012	1	31	12	3	24
34310	2012	2	1	12	0	24
34310	2012	2	2	12	0	24
34310	2012	2	3	12	0	24
34310	2012	2	4	12	2	24
34310	2012	2	5	12	0	24
34310	2012	2	6	12	0	24
34310	2012	2	7	12	0	24
34310	2012	2	8	12	125	24
34310	2012	2	9	12	28	24
34310	2012	2	10	12	6	24
34310	2012	2	11	12	24	24
34310	2012	2	13	12	1	48
34310	2012	2	14	12	-1	24
34310	2012	2	15	12	0	24
34310	2012	2	16	12	0	24
34310	2012	2	17	12	-1	24
34310	2012	2	18	12	16	24
34310	2012	2	19	12	39	24
34310	2012	2	20	12	24	24
34310	2012	2	21	12	15	24
34310	2012	2	22	12	30	24
34310	2012	2	23	12	23	24
34310	2012	2	24	12	0	24
34310	2012	2	25	12	0	24
34310	2012	2	26	12	0	24
34310	2012	2	27	12	43	24
34310	2012	2	28	12	67	24
34310	2012	2	29	12	124	24
34310	2012	3	1	12	0	24
34310	2012	3	2	12	0	24
34310	2012	3	3	12	0	24
34310	2012	3	4	12	0	24
34310	2012	3	5	12	28	24
34310	2012	3	6	12	20	24
34310	2012	3	7	12	14	24
34310	2012	3	8	12	30	24
34310	2012	3	9	12	9	24
34310	2012	3	10	12	10	24
34310	2012	3	11	12	26	24
34310	2012	3	12	12	23	24
34310	2012	3	13	12	-1	24
34310	2012	3	14	12	11	24
34310	2012	3	15	12	6	24
34310	2012	3	16	12	10	24
34310	2012	3	17	12	-1	24
34310	2012	3	18	12	5	24
34310	2012	3	19	12	0	24
34310	2012	3	20	12	-1	24
34310	2012	3	21	12	-1	24
34310	2012	3	22	12	-1	24
34310	2012	3	23	12	-1	24
34310	2012	3	24	12	0	24
34310	2012	3	25	12	0	24
34310	2012	3	26	12	0	24
34310	2012	3	27	12	0	24
34310	2012	3	28	12	0	24
34310	2012	3	29	12	0	24
34310	2012	3	30	12	-1	24
34310	2012	3	31	12	0	24
34310	2012	4	1	12	0	24
34310	2012	4	2	12	18	24
34310	2012	4	3	12	26	24
34310	2012	4	4	12	15	24
34310	2012	4	5	12	0	24
34310	2012	4	6	12	0	24
34310	2012	4	7	12	-1	24
34310	2012	4	8	12	-1	24
34310	2012	4	9	12	10	24
34310	2012	4	10	12	40	24
34310	2012	4	11	12	15	24
34310	2012	4	12	12	1	24
34310	2012	4	13	12	0	24
34310	2012	4	14	12	15	24
34310	2012	4	15	12	0	24
34310	2012	4	16	12	0	24
34310	2012	4	17	12	0	24
34310	2012	4	18	12	0	24
34310	2012	4	19	12	0	24
34310	2012	4	20	12	0	24
34310	2012	4	21	12	0	24
34310	2012	4	22	12	0	24
34310	2012	4	23	12	0	24
34310	2012	4	24	12	0	24
34310	2012	4	25	12	0	24
34310	2012	4	26	12	0	24
34310	2012	4	27	12	0	24
34310	2012	4	28	12	0	24
34310	2012	4	29	12	60	24
34310	2012	4	30	12	20	24
34310	2012	5	1	12	0	24
34310	2012	5	2	12	0	24
34310	2012	5	3	12	0	24
34310	2012	5	4	12	0	24
34310	2012	5	5	12	0	24
34310	2012	5	6	12	0	24
34310	2012	5	7	12	0	24
34310	2012	5	8	12	10	24
34310	2012	5	9	12	15	24
34310	2012	5	10	12	20	24
34310	2012	5	11	12	65	24
34310	2012	5	12	12	0	24
34310	2012	5	13	12	0	24
34310	2012	5	14	12	3	24
34310	2012	5	15	12	30	24
34310	2012	5	16	12	0	24
34310	2012	5	17	12	0	24
34310	2012	5	18	12	10	24
34310	2012	5	19	12	7	24
34310	2012	5	20	12	0	24
34310	2012	5	21	12	0	24
34310	2012	5	22	12	0	24
34310	2012	5	23	12	0	24
34310	2012	5	24	12	0	24
34310	2012	5	25	12	0	24
34310	2012	5	26	12	30	24
34310	2012	5	27	12	80	24
34310	2012	5	28	12	50	24
34310	2012	5	29	12	200	24
34310	2012	5	30	12	100	24
34310	2012	5	31	12	0	24
34310	2012	6	1	12	0	24
34310	2012	6	2	12	0	24
34310	2012	6	3	12	0	24
34310	2012	6	4	12	-1	24
34310	2012	6	5	12	0	24
34310	2012	6	6	12	2	24
34310	2012	6	7	12	18	24
34310	2012	6	8	12	1	24
34310	2012	6	9	12	0	24
34310	2012	6	10	12	0	24
34310	2012	6	11	12	4	24
34310	2012	6	12	12	0	24
34310	2012	6	13	12	0	24
34310	2012	6	14	12	0	24
34310	2012	6	15	12	0	24
34310	2012	6	16	12	0	24
34310	2012	6	17	12	0	24
34310	2012	6	18	12	0	24
34310	2012	6	19	12	0	24
34310	2012	6	20	12	0	24
34310	2012	6	21	12	0	24
34310	2012	6	22	12	0	24
34310	2012	6	23	12	0	24
34310	2012	6	24	12	0	24
34310	2012	6	25	12	16	24
34310	2012	6	26	12	14	24
34310	2012	6	27	12	8	24
34310	2012	6	28	12	7	24
34310	2012	6	29	12	21	24
34310	2012	6	30	12	5	24
34310	2012	7	1	12	0	24
34310	2012	7	2	12	0	24
34310	2012	7	3	12	8	24
34310	2012	7	4	12	29	24
34310	2012	7	5	12	0	24
34310	2012	7	6	12	0	24
34310	2012	7	7	12	0	24
34310	2012	7	8	12	0	24
34310	2012	7	9	12	0	24
34310	2012	7	10	12	0	24
34310	2012	7	11	12	0	24
34310	2012	7	12	12	-1	24
34310	2012	7	13	12	0	24
34310	2012	7	14	12	0	24
34310	2012	7	15	12	0	24
34310	2012	7	16	12	19	24
34310	2012	7	17	12	0	24
34310	2012	7	18	12	0	24
34310	2012	7	19	12	0	24
34310	2012	7	20	12	0	24
34310	2012	7	21	12	0	24
34310	2012	7	22	12	0	24
34310	2012	7	23	12	0	24
34310	2012	7	24	12	105	24
34310	2012	7	25	12	129	24
34310	2012	7	26	12	94	24
34310	2012	7	27	12	0	24
34310	2012	7	28	12	0	24
34310	2012	7	29	12	65	24
34310	2012	7	30	12	0	24
34310	2012	7	31	12	0	24
34310	2012	8	1	12	0	24
34310	2012	8	2	12	24	24
34310	2012	8	3	12	17	24
34310	2012	8	4	12	29	24
34310	2012	8	5	12	1	24
34310	2012	8	6	12	0	24
34310	2012	8	7	12	0	24
34310	2012	8	8	12	0	24
34310	2012	8	9	12	0	24
34310	2012	8	10	12	19	24
34310	2012	8	11	12	0	24
34310	2012	8	12	12	10	24
34310	2012	8	13	12	0	24
34310	2012	8	14	12	0	24
34310	2012	8	15	12	0	24
34310	2012	8	16	12	0	24
34310	2012	8	17	12	0	24
34310	2012	8	18	12	16	24
34310	2012	8	19	12	0	24
34310	2012	8	20	12	0	24
34310	2012	8	21	12	0	24
34310	2012	8	22	12	35	24
34310	2012	8	23	12	117	24
34310	2012	8	24	12	0	24
34310	2012	8	25	12	10	24
34310	2012	8	26	12	0	24
34310	2012	8	27	12	0	24
34310	2012	8	28	12	80	24
34310	2012	8	29	12	66	24
34310	2012	8	30	12	0	24
34310	2012	8	31	12	0	24
34310	2012	9	1	12	0	24
34310	2012	9	2	12	116	24
34310	2012	9	3	12	0	24
34310	2012	9	4	12	0	24
34310	2012	9	5	12	0	24
34310	2012	9	6	12	5	24
34310	2012	9	7	12	4	24
34310	2012	9	8	12	18	24
34310	2012	9	9	12	132	24
34310	2012	9	10	12	99	24
34310	2012	9	11	12	0	24
34310	2012	9	12	12	0	24
34310	2012	9	13	12	0	24
34310	2012	9	14	12	0	24
34310	2012	9	15	12	84	24
34310	2012	9	16	12	51	24
34310	2012	9	17	12	57	24
34310	2012	9	18	12	30	24
34310	2012	9	19	12	55	24
34310	2012	9	20	12	2	24
34310	2012	9	21	12	8	24
34310	2012	9	22	12	0	24
34310	2012	9	23	12	0	24
34310	2012	9	24	12	130	24
34310	2012	9	25	12	0	24
34310	2012	9	26	12	0	24
34310	2012	9	27	12	0	24
34310	2012	9	28	12	0	24
34310	2012	9	29	12	0	24
34310	2012	9	30	12	0	24
34310	2012	10	1	12	3	24
34310	2012	11	1	12	12	24
34310	2012	11	2	12	0	24
34310	2012	11	3	12	0	24
34310	2012	11	4	12	0	24
34310	2012	11	5	12	9	24
34310	2012	11	6	12	0	24
34310	2012	11	7	12	0	24
34310	2012	11	8	12	0	24
34310	2012	11	9	12	1	24
34310	2012	11	10	12	0	24
34310	2012	11	11	12	0	24
34310	2012	11	12	12	0	24
34310	2012	11	13	12	0	24
34310	2012	11	14	12	0	24
34310	2012	11	15	12	0	24
34310	2012	11	16	12	5	24
34310	2012	11	17	12	0	24
34310	2012	11	18	12	0	24
34310	2012	11	19	12	0	24
34310	2012	11	20	12	2	24
34310	2012	11	21	12	0	24
34310	2012	11	22	12	0	24
34310	2012	11	23	12	3	24
34310	2012	11	24	12	5	24
34310	2012	11	25	12	0	24
34310	2012	11	26	12	0	24
34310	2012	12	1	12	4	120
34310	2012	12	2	12	0	24
34310	2012	12	3	12	0	24
34310	2012	12	4	12	20	24
34310	2012	12	5	12	0	24
34310	2012	12	6	12	0	24
34310	2012	12	7	12	0	24
34310	2012	12	8	12	0	24
34310	2012	12	9	12	0	24
34310	2012	12	10	12	1	24
34310	2012	12	11	12	0	24
34310	2012	12	12	12	16	24
34310	2012	12	13	12	0	24
34310	2012	12	14	12	0	24
34310	2012	12	15	12	4	24
34310	2012	12	16	12	3	24
34310	2012	12	17	12	0	24
34310	2012	12	18	12	0	24
34310	2012	12	19	12	0	24
34310	2012	12	20	12	3	24
34310	2012	12	21	12	42	24
34310	2012	12	22	12	0	24
34310	2012	12	23	12	0	24
34310	2012	12	29	12	23	144
34310	2012	12	30	12	23	24
34310	2012	12	31	12	28	24
34310	2013	1	1	12	0	24
34310	2013	1	2	12	310	24
34310	2013	1	3	12	1	24
34310	2013	1	4	12	60	24
34310	2013	1	5	12	70	24
34310	2013	1	6	12	0	24
34310	2013	1	7	12	0	24
34310	2013	1	8	12	0	24
34310	2013	1	9	12	0	24
34310	2013	1	10	12	0	24
34310	2013	1	11	12	0	24
34310	2013	1	12	12	0	24
34310	2013	1	13	12	13	24
34310	2013	1	14	12	20	24
34310	2013	1	15	12	61	24
34310	2013	1	16	12	0	24
34310	2013	1	17	12	0	24
34310	2013	1	18	12	0	24
34310	2013	1	19	12	0	24
34310	2013	1	20	12	0	24
34310	2013	1	21	12	0	24
34310	2013	1	22	12	0	24
34310	2013	1	23	12	0	24
34310	2013	1	24	12	0	24
34310	2013	1	25	12	0	24
34310	2013	1	26	12	0	24
34310	2013	1	27	12	0	24
34310	2013	1	28	12	0	24
34310	2013	1	29	12	0	24
34310	2013	1	30	12	0	24
34310	2013	1	31	12	60	24
34310	2013	2	1	12	0	24
34310	2013	2	2	12	5	24
34310	2013	2	3	12	0	24
34310	2013	2	4	12	0	24
34310	2013	2	5	12	0	24
34310	2013	2	6	12	28	24
34310	2013	2	7	12	0	24
34310	2013	2	8	12	0	24
34310	2013	2	9	12	0	24
34310	2013	2	10	12	0	24
34310	2013	2	11	12	0	24
34310	2013	2	12	12	0	24
34310	2013	2	13	12	0	24
34310	2013	2	14	12	0	24
34310	2013	2	15	12	0	24
34310	2013	2	16	12	0	24
34310	2013	2	17	12	0	24
34310	2013	2	18	12	0	24
34310	2013	2	19	12	0	24
34310	2013	2	20	12	0	24
34310	2013	2	21	12	0	24
34310	2013	2	22	12	0	24
34310	2013	2	23	12	0	24
34310	2013	2	24	12	0	24
34310	2013	2	25	12	0	24
34310	2013	2	26	12	21	24
34310	2013	2	27	12	5	24
34310	2013	2	28	12	0	24
34310	2013	3	1	12	0	24
34310	2013	3	2	12	21	24
34310	2013	3	3	12	30	24
34310	2013	3	4	12	15	24
34310	2013	3	5	12	0	24
34310	2013	3	6	12	0	24
34310	2013	3	7	12	0	24
34310	2013	3	8	12	0	24
34310	2013	3	9	12	0	24
34310	2013	3	10	12	0	24
34310	2013	3	11	12	0	24
34310	2013	3	12	12	0	24
34310	2013	3	13	12	1	24
34310	2013	3	14	12	20	24
34310	2013	3	15	12	0	24
34310	2013	3	16	12	0	24
34310	2013	3	17	12	0	24
34310	2013	3	18	12	0	24
34310	2013	3	19	12	0	24
34310	2013	3	20	12	0	24
34310	2013	3	21	12	120	24
34310	2013	3	22	12	200	24
34310	2013	3	23	12	2	24
34310	2013	3	24	12	4	24
34310	2013	3	25	12	8	24
34310	2013	3	26	12	12	24
34310	2013	3	27	12	14	24
34310	2013	3	28	12	0	24
34310	2013	3	29	12	0	24
34310	2013	3	30	12	0	24
34310	2013	3	31	12	0	24
34310	2013	4	1	12	18	24
34310	2013	4	2	12	17	24
34310	2013	4	3	12	0	24
34310	2013	4	4	12	35	24
34310	2013	4	5	12	2	24
34310	2013	4	6	12	0	24
34310	2013	4	7	12	10	24
34310	2013	4	8	12	9	24
34310	2013	4	9	12	5	24
34310	2013	4	10	12	0	24
34310	2013	4	11	12	18	24
34310	2013	4	12	12	17	24
34310	2013	4	13	12	0	24
34310	2013	4	14	12	0	24
34310	2013	4	15	12	0	24
34310	2013	4	16	12	0	24
34310	2013	4	17	12	0	24
34310	2013	4	18	12	0	24
34310	2013	4	19	12	0	24
34310	2013	4	20	12	0	24
34310	2013	4	21	12	10	24
34310	2013	4	22	12	23	24
34310	2013	4	23	12	0	24
34310	2013	4	24	12	0	24
34310	2013	4	25	12	16	24
34310	2013	4	26	12	3	24
34310	2013	4	27	12	8	24
34310	2013	4	28	12	14	24
34310	2013	4	29	12	0	24
34310	2013	4	30	12	19	24
34310	2013	5	1	12	0	24
34310	2013	5	2	12	0	24
34310	2013	5	3	12	0	24
34310	2013	5	4	12	0	24
34310	2013	5	5	12	0	24
34310	2013	5	6	12	0	24
34310	2013	5	7	12	0	24
34310	2013	5	8	12	0	24
34310	2013	5	9	12	0	24
34310	2013	5	10	12	0	24
34310	2013	5	11	12	0	24
34310	2013	5	12	12	0	24
34310	2013	5	13	12	0	24
34310	2013	5	14	12	0	24
34310	2013	5	15	12	50	24
34310	2013	5	16	12	40	24
34310	2013	5	17	12	60	24
34310	2013	5	18	12	50	24
34310	2013	5	19	12	0	24
34310	2013	5	20	12	0	24
34310	2013	5	21	12	0	24
34310	2013	5	22	12	0	24
34310	2013	5	23	12	0	24
34310	2013	5	24	12	0	24
34310	2013	5	25	12	60	24
34310	2013	5	26	12	0	24
34310	2013	5	27	12	0	24
34310	2013	5	28	12	0	24
34310	2013	5	29	12	0	24
34310	2013	5	30	12	0	24
34310	2013	5	31	12	0	24
34310	2013	6	1	12	0	24
34310	2013	6	2	12	2	24
34310	2013	6	3	12	0	24
34310	2013	6	4	12	0	24
34310	2013	6	5	12	0	24
34310	2013	6	6	12	0	24
34310	2013	6	7	12	0	24
34310	2013	6	8	12	5	24
34310	2013	6	9	12	0	24
34310	2013	6	10	12	11	24
34310	2013	6	11	12	6	24
34310	2013	6	12	12	0	24
34310	2013	6	13	12	0	24
34310	2013	6	14	12	21	24
34310	2013	6	15	12	3	24
34310	2013	6	16	12	0	24
34310	2013	6	17	12	0	24
34310	2013	6	18	12	0	24
34310	2013	6	19	12	0	24
34310	2013	6	20	12	0	24
34310	2013	6	21	12	0	24
34310	2013	6	22	12	0	24
34310	2013	6	23	12	0	24
34310	2013	6	24	12	0	24
34310	2013	6	25	12	0	24
34310	2013	6	26	12	0	24
34310	2013	6	27	12	0	24
34310	2013	6	28	12	0	24
34310	2013	6	29	12	0	24
34310	2013	6	30	12	0	24
34310	2013	7	1	12	0	24
34310	2013	7	2	12	0	24
34310	2013	7	3	12	0	24
34310	2013	7	4	12	0	24
34310	2013	7	5	12	0	24
34310	2013	7	6	12	0	24
34310	2013	7	7	12	63	24
34310	2013	7	8	12	0	24
34310	2013	7	9	12	17	24
34310	2013	7	10	12	123	24
34310	2013	7	11	12	0	24
34310	2013	7	12	12	0	24
34310	2013	7	13	12	0	24
34310	2013	7	14	12	32	24
34310	2013	7	15	12	0	24
34310	2013	7	16	12	0	24
34310	2013	7	17	12	0	24
34310	2013	7	18	12	0	24
34310	2013	7	19	12	0	24
34310	2013	7	20	12	387	24
34310	2013	7	21	12	182	24
34310	2013	7	22	12	234	24
34310	2013	7	23	12	0	24
34310	2013	7	24	12	0	24
34310	2013	7	25	12	0	24
34310	2013	7	26	12	0	24
34310	2013	7	27	12	0	24
34310	2013	7	28	12	0	24
34310	2013	7	29	12	0	24
34310	2013	7	30	12	0	24
34310	2013	7	31	12	0	24
34310	2013	8	1	12	0	24
34310	2013	8	2	12	0	24
34310	2013	8	3	12	0	24
34310	2013	8	4	12	0	24
34310	2013	8	5	12	0	24
34310	2013	8	6	12	33	24
34310	2013	8	7	12	0	24
34310	2013	8	8	12	0	24
34310	2013	8	9	12	15	24
34310	2013	8	10	12	0	24
34310	2013	8	11	12	30	24
34310	2013	8	12	12	0	24
34310	2013	8	13	12	0	24
34310	2013	8	14	12	0	24
34310	2013	8	15	12	0	24
34310	2013	8	16	12	0	24
34310	2013	8	17	12	0	24
34310	2013	8	18	12	30	24
34310	2013	8	19	12	18	24
34310	2013	8	20	12	0	24
34310	2013	8	21	12	0	24
34310	2013	8	22	12	0	24
34310	2013	8	23	12	0	24
34310	2013	8	24	12	0	24
34310	2013	8	25	12	62	24
34310	2013	8	26	12	34	24
34310	2013	8	27	12	27	24
34310	2013	8	28	12	0	24
34310	2013	8	29	12	0	24
34310	2013	8	30	12	0	24
34310	2013	8	31	12	0	24
34310	2013	9	1	12	0	24
34310	2013	9	2	12	0	24
34310	2013	9	3	12	83	24
34310	2013	9	4	12	0	24
34310	2013	9	5	12	0	24
34310	2013	9	6	12	0	24
34310	2013	9	7	12	0	24
34310	2013	9	8	12	0	24
34310	2013	9	9	12	0	24
34310	2013	9	10	12	38	24
34310	2013	9	11	12	73	24
34310	2013	9	12	12	52	24
34310	2013	9	13	12	30	24
34310	2013	9	14	12	37	24
34310	2013	9	15	12	0	24
34310	2013	9	16	12	0	24
34310	2013	9	17	12	0	24
34310	2013	9	18	12	0	24
34310	2013	9	19	12	0	24
34310	2013	9	20	12	0	24
34310	2013	9	21	12	0	24
34310	2013	9	22	12	0	24
34310	2013	9	23	12	0	24
34310	2013	9	24	12	21	24
34310	2013	9	25	12	3	24
34310	2013	9	26	12	32	24
34310	2013	9	27	12	0	24
34310	2013	9	28	12	15	24
34310	2013	9	29	12	0	24
34310	2013	9	30	12	78	24
34310	2013	10	1	12	103	24
34310	2013	10	2	12	75	24
34310	2013	10	3	12	4	24
34310	2013	10	4	12	0	24
34310	2013	10	5	12	0	24
34310	2013	10	6	12	2	24
34310	2013	10	7	12	0	24
34310	2013	10	8	12	0	24
34310	2013	10	9	12	0	24
34310	2013	10	10	12	3	24
34310	2013	10	11	12	188	24
34310	2013	10	12	12	2	24
34310	2013	10	13	12	0	24
34310	2013	10	14	12	0	24
34310	2013	10	15	12	0	24
34310	2013	10	16	12	0	24
34310	2013	10	17	12	0	24
34310	2013	10	18	12	3	24
34310	2013	10	19	12	14	24
34310	2013	10	20	12	57	24
34310	2013	10	21	12	15	24
34310	2013	10	22	12	16	24
34310	2013	10	23	12	0	24
34310	2013	10	24	12	0	24
34310	2013	10	25	12	0	24
34310	2013	10	26	12	1	24
34310	2013	10	27	12	3	24
34310	2013	10	28	12	2	24
34310	2013	10	29	12	0	24
34310	2013	10	30	12	0	24
34310	2013	10	31	12	0	24
34310	2013	11	1	12	6	24
34310	2013	11	2	12	0	24
34310	2013	11	3	12	0	24
34310	2013	11	4	12	10	24
34310	2013	11	5	12	365	24
34310	2013	11	6	12	69	24
34310	2013	11	7	12	0	24
34310	2013	11	8	12	0	24
34310	2013	11	9	12	0	24
34310	2013	11	10	12	0	24
34310	2013	11	11	12	1	24
34310	2013	11	12	12	0	24
34310	2013	11	13	12	0	24
34310	2013	11	14	12	0	24
34310	2013	11	15	12	112	24
34310	2013	11	16	12	431	24
34310	2013	11	17	12	81	24
34310	2013	11	18	12	31	24
34310	2013	11	19	12	52	24
34310	2013	11	20	12	1	24
34310	2013	11	21	12	22	24
34310	2013	11	22	12	13	24
34310	2013	11	23	12	0	24
34310	2013	11	24	12	14	24
34310	2013	11	25	12	4	24
34310	2013	11	26	12	0	24
34310	2013	11	27	12	0	24
34310	2013	11	28	12	23	24
34310	2013	11	29	12	27	24
34310	2013	11	30	12	22	24
34310	2013	12	1	12	0	24
34310	2013	12	2	12	102	24
34310	2013	12	3	12	94	24
34310	2013	12	4	12	44	24
34310	2013	12	5	12	0	24
34310	2013	12	6	12	0	24
34310	2013	12	7	12	0	24
34310	2013	12	8	12	1	24
34310	2013	12	9	12	0	24
34310	2013	12	10	12	1	24
34310	2013	12	11	12	0	24
34310	2013	12	12	12	5	24
34310	2013	12	13	12	0	24
34310	2013	12	14	12	10	24
34310	2013	12	15	12	81	24
34310	2013	12	16	12	74	24
34310	2013	12	17	12	201	24
34310	2013	12	18	12	7	24
34310	2013	12	19	12	7	24
34310	2013	12	20	12	0	24
34310	2013	12	21	12	0	24
34310	2013	12	22	12	0	24
34310	2013	12	23	12	0	24
34310	2013	12	24	12	0	24
34310	2013	12	25	12	0	24
34310	2013	12	26	12	32	24
34310	2013	12	27	12	1	24
34310	2013	12	28	12	2	24
34310	2013	12	29	12	4	24
34310	2013	12	30	12	0	24
34310	2013	12	31	12	0	24
